0 0.98046875 0.6615234359375 0.9677734375 0.650781246875 0.9091796875 0.6546875 0.8427734375 0.6019531234375 0.7412109375 0.572656246875 0.6767578125 0.572656246875 0.5380859375 0.5921875 0.3193359375 0.5941406234375 0.2646484375 0.5765625 0.0849609375 0.5765625 0.0478515625 0.5863281234375 0.03125 0.6029296859375 0.01953125 0.6693359359375 0.0253906234375 0.7103515609375 0.0205078125 0.7484375 0.03125 0.8216796859375 0.0478515625 0.834375 0.0849609375 0.8421875 0.2685546875 0.8421875 0.3076171875 0.8265625 0.5322265625 0.8246093734375 0.6474609375 0.8441406234375 0.7025391796875 0.8453125 0.7437890453125 0.8453125 0.7958984375 0.8363281234375 0.8349609375 0.8207031234375 0.9130859375 0.7621093734375 0.9736328125 0.7660156234375 0.98046875 0.7572265609375 0.98046875 0.6615234359375
0 0.82822265625 0.3626953125 0.81357421875 0.328515625 0.76669921875 0.328515625 0.73349609375 0.3031250015625 0.68662109375 0.289453125 0.62412109375 0.2914062484375 0.55771484375 0.305078125 0.34677734375 0.2992187484375 0.2950195328125 0.3353515625 0.2875 0.356030278125 0.2875 0.41192219999999996 0.30966796875 0.4359375015625 0.35398615 0.45625 0.3659179671875 0.45625 0.49716796875 0.4398437484375 0.69052734375 0.445703125 0.73544921875 0.4320312484375 0.76865234375 0.402734375 0.81943359375 0.398828125 0.82822265625 0.3626953125
0 0.7939453125 0.2087890640625 0.7548828125 0.1794921875 0.7197265625 0.1716796875 0.6689453125 0.1716796875 0.6025390625 0.1833984375 0.3642578125 0.1814453125 0.3378906234375 0.215625 0.3388671875 0.2556640640625 0.3564453125 0.2947265640625 0.4423828125 0.2947265640625 0.4658203125 0.3025390640625 0.5576171875 0.3025390640625 0.6337890625 0.2869140640625 0.6923828125 0.2869140640625 0.7560221312500001 0.309375 0.7599954062500001 0.309375 0.7998046875 0.2771484375 0.8349609375 0.2791015640625 0.8496093765625 0.272265625 0.8300781234375 0.241015625 0.8212890625 0.2048828125 0.7939453125 0.2087890640625
0 0.82666015625 0.0896484375 0.77783203125 0.060351564062499995 0.72509765625 0.052539064062499995 0.59619140625 0.0779296875 0.46923828125 0.0759765640625 0.43212890625 0.0681640640625 0.38525390625 0.0740234375 0.37451171875 0.090625 0.36875 0.1408342640625 0.36875 0.1727018234375 0.38330078125 0.1794921875 0.60400390625 0.1814453125 0.69580078125 0.1677734375 0.73876953125 0.1716796875 0.7865885421875001 0.19375 0.791259765625 0.19375 0.82861328125 0.1638671875 0.84619140625 0.1658203125 0.87548828125 0.1541015640625 0.8803710953125 0.12578125 0.86767578125 0.0955078125 0.82666015625 0.0896484375
0 0.44814453125 0.51953125 0.63173828125 0.5136718765625 0.75283203125 0.5234375 0.78994140625 0.5097656234375 0.81728515625 0.48828125 0.86220703125 0.48828125 0.87099609375 0.4462890625 0.86025390625 0.4238281234375 0.81728515625 0.4238281234375 0.79775390625 0.40625 0.77041015625 0.40625 0.73525390625 0.43359375 0.69814453125 0.4453125 0.48720703125 0.44140625 0.38759765625 0.4511718765625 0.36611328125 0.4628906234375 0.44814453125 0.51953125
0 0.87177734375 0.4783203109375 0.85615234375 0.4919921875 0.81513671875 0.4900390625 0.78583984375 0.5134765625 0.74873046875 0.5251953109375 0.59248046875 0.5134765625 0.49677734375 0.5212890625 0.4796875 0.5288845484375 0.4796875 0.53017578125 0.48896484375 0.5505859375 0.54609375 0.5734375 0.55146484375 0.5734375 0.62568359375 0.5623046875 0.7685546875 0.5734375 0.77876953125 0.5734375 0.82099609375 0.5642578109375 0.85810546875 0.5408203109375 0.89716796875 0.5369140625 0.9040039078125 0.50078125 0.89326171875 0.4783203109375 0.87177734375 0.4783203109375
0 0.759375 0.318515628125 0.76845703125 0.325781253125 0.81337890625 0.325781253125 0.8306054671875 0.3640625 0.831933596875 0.3640625 0.84072265625 0.357031253125 0.87978515625 0.357031253125 0.8921875 0.338904746875 0.8921875 0.314426496875 0.88173828125 0.2925781265625 0.84462890625 0.294531253125 0.82314453125 0.2808593765625 0.79970703125 0.278906253125 0.759375 0.3173177109375 0.759375 0.318515628125
0 0.80625 0.4092259453125 0.80625 0.4103515625 0.81923828125 0.421484375 0.86025390625 0.421484375 0.8696940109375 0.4328125 0.87412109375 0.4328125 0.91103515625 0.429296875 0.9234375 0.4149864765625 0.9234375 0.3848987953125 0.91298828125 0.3687499984375 0.87978515625 0.370703125 0.84462890625 0.358984375 0.8299804671875 0.3716796875 0.82412109375 0.3951171875 0.80625 0.4092259453125
0 0.85615234375 0.5433593734375 0.7921875 0.5782492875 0.7921875 0.5786846437500001 0.8402235328125001 0.5953125 0.843987159375 0.5953125 0.89521484375 0.56875 0.93232421875 0.564843746875 0.9352539078125 0.5150390609375 0.91083984375 0.510156246875 0.89716796875 0.5394531234375 0.85615234375 0.5433593734375
0 0.91083984375 0.4298828125 0.87568359375 0.4318359359375 0.871875 0.47373046875 0.871875 0.474813565625 0.89111328125 0.4765625 0.8934895828125 0.4765625 0.90693359375 0.4650390625 0.94013671875 0.4630859359375 0.94892578125 0.442578125 0.94501953125 0.411328125 0.92646484375 0.4083984359375 0.91083984375 0.4298828125
0 0.871875 0.3628274375 0.871875 0.3629022515625 0.94724606875 0.371875 0.9542608984375001 0.371875 0.96455078125 0.3541015640625 0.9625976546875 0.3248046890625 0.95576171875 0.317968753125 0.89912109375 0.317968753125 0.8883789078125 0.3521484390625 0.871875 0.3628274375