0 0.01953125 0.3384765640625 0.0322265625 0.349218753125 0.0908203125 0.3453125 0.1572265625 0.3980468765625 0.2587890625 0.427343753125 0.3232421875 0.427343753125 0.4619140625 0.4078125 0.6806640625 0.4058593765625 0.7353515625 0.4234375 0.9150390625 0.4234375 0.9521484375 0.4136718765625 0.96875 0.3970703140625 0.98046875 0.3306640640625 0.9746093765625 0.2896484390625 0.9794921875 0.2515625 0.96875 0.17832031406249998 0.9521484375 0.165625 0.9150390625 0.1578125 0.7314453125 0.1578125 0.6923828125 0.1734375 0.4677734375 0.17539062656249998 0.3525390625 0.15585937656249998 0.2974608203125 0.1546875 0.2562109546875 0.1546875 0.2041015625 0.16367187656249998 0.1650390625 0.17929687656249998 0.0869140625 0.23789062656249998 0.0263671875 0.23398437656249998 0.01953125 0.24277343906249998 0.01953125 0.3384765640625
0 0.17177734375 0.6373046875 0.18642578125 0.671484375 0.23330078125 0.671484375 0.26650390625 0.6968749984375 0.31337890625 0.710546875 0.37587890625 0.7085937515625 0.44228515625 0.694921875 0.65322265625 0.7007812515625 0.7049804671875 0.6646484375 0.7125 0.643969721875 0.7125 0.5880778 0.69033203125 0.5640624984375 0.64601385 0.54375 0.6340820328125 0.54375 0.50283203125 0.5601562515625 0.30947265625 0.554296875 0.26455078125 0.5679687515625 0.23134765625 0.597265625 0.18056640625 0.601171875 0.17177734375 0.6373046875
0 0.2060546875 0.7912109359375 0.2451171875 0.8205078125 0.2802734375 0.8283203125 0.3310546875 0.8283203125 0.3974609375 0.8166015625 0.6357421875 0.8185546875 0.6621093765625 0.784375 0.6611328125 0.7443359359375 0.6435546875 0.7052734359375 0.5576171875 0.7052734359375 0.5341796875 0.6974609359375 0.4423828125 0.6974609359375 0.3662109375 0.7130859359375 0.3076171875 0.7130859359375 0.24397786875 0.690625 0.24000459375 0.690625 0.2001953125 0.7228515625 0.1650390625 0.7208984359375 0.1503906234375 0.727734375 0.1699218765625 0.758984375 0.1787109375 0.7951171875 0.2060546875 0.7912109359375
0 0.17333984375 0.9103515625 0.22216796875 0.9396484359375 0.27490234375 0.9474609359375 0.40380859375 0.9220703125 0.53076171875 0.9240234359375 0.56787109375 0.9318359359375 0.61474609375 0.9259765625 0.62548828125 0.909375 0.63125 0.8591657359375 0.63125 0.8272981765624999 0.61669921875 0.8205078125 0.39599609375 0.8185546875 0.30419921875 0.8322265625 0.26123046875 0.8283203125 0.2134114578125 0.80625 0.208740234375 0.80625 0.17138671875 0.8361328125 0.15380859375 0.8341796875 0.12451171875 0.8458984359375 0.11962890468750001 0.87421875 0.13232421875 0.9044921875 0.17333984375 0.9103515625
0 0.55185546875 0.48046875 0.36826171875 0.4863281234375 0.24716796875 0.4765625 0.21005859375 0.4902343765625 0.18271484375 0.51171875 0.13779296875 0.51171875 0.12900390625 0.5537109375 0.13974609375 0.5761718765625 0.18271484375 0.5761718765625 0.20224609375 0.59375 0.22958984375 0.59375 0.26474609375 0.56640625 0.30185546875 0.5546875 0.51279296875 0.55859375 0.61240234375 0.5488281234375 0.63388671875 0.5371093765625 0.55185546875 0.48046875
0 0.12822265625 0.5216796890625 0.14384765625 0.5080078125 0.18486328125 0.5099609375 0.21416015625 0.4865234375 0.25126953125 0.4748046890625 0.40751953125 0.4865234375 0.50322265625 0.4787109375 0.5203125 0.4711154515625 0.5203125 0.46982421875 0.51103515625 0.4494140625 0.45390625 0.4265625 0.44853515625 0.4265625 0.37431640625 0.4376953125 0.2314453125 0.4265625 0.22123046875000002 0.4265625 0.17900390625 0.4357421890625 0.14189453125 0.4591796890625 0.10283203125 0.4630859375 0.0959960921875 0.49921875 0.10673828125 0.5216796890625 0.12822265625 0.5216796890625
0 0.240625 0.681484371875 0.23154296875 0.674218746875 0.18662109375 0.674218746875 0.1693945328125 0.6359375 0.168066403125 0.6359375 0.15927734375 0.642968746875 0.12021484375 0.642968746875 0.1078125 0.661095253125 0.1078125 0.685573503125 0.11826171875 0.7074218734375 0.15537109375 0.705468746875 0.17685546875 0.7191406234375 0.20029296875 0.721093746875 0.240625 0.6826822890625001 0.240625 0.681484371875
0 0.19375 0.5907740546875 0.19375 0.5896484375 0.18076171875 0.578515625 0.13974609375 0.578515625 0.1303059890625 0.5671875 0.12587890625 0.5671875 0.08896484375 0.570703125 0.0765625 0.5850135234375 0.0765625 0.6151012046875 0.08701171875 0.6312500015625 0.12021484375 0.629296875 0.15537109375 0.641015625 0.17001953281249998 0.6283203125 0.17587890625 0.6048828125 0.19375 0.5907740546875
0 0.14384765625 0.4566406265625 0.2078125 0.4217507125 0.2078125 0.42131535624999994 0.1597764671875 0.4046875 0.156012840625 0.4046875 0.10478515625 0.43125 0.06767578125 0.435156253125 0.0647460921875 0.4849609390625 0.08916015625 0.489843753125 0.10283203125 0.4605468765625 0.14384765625 0.4566406265625
0 0.08916015625 0.5701171875 0.12431640625 0.5681640640625 0.128125 0.52626953125 0.128125 0.525186434375 0.10888671875 0.5234375 0.10651041718750001 0.5234375 0.09306640625 0.5349609375 0.05986328125 0.5369140640625 0.05107421875 0.557421875 0.05498046875 0.588671875 0.07353515625 0.5916015640625 0.08916015625 0.5701171875
0 0.128125 0.6371725625 0.128125 0.6370977484375 0.05275393125 0.628125 0.0457391015625 0.628125 0.03544921875 0.6458984359375 0.0374023453125 0.6751953109375 0.04423828125 0.682031246875 0.10087890625 0.682031246875 0.1116210921875 0.6478515609375 0.128125 0.6371725625