0 0.8417968765625 0.7314453125 0.8261718765625 0.6923828125 0.82421875 0.4677734375 0.84375 0.3525390625 0.8457031234375 0.2607421875 0.8359375 0.2041015625 0.8203125 0.1650390625 0.76171875 0.0869140625 0.765625 0.0263671875 0.7568359375 0.01953125 0.6611328125 0.01953125 0.6503906234375 0.0322265625 0.6542968765625 0.0908203125 0.6015625 0.1572265625 0.5722656234375 0.2587890625 0.5722656234375 0.3232421875 0.5917968765625 0.4619140625 0.59375 0.6806640625 0.5761718765625 0.7353515625 0.5761718765625 0.9150390625 0.5859375 0.9521484375 0.6025390625 0.96875 0.6689453125 0.98046875 0.7099609375 0.9746093765625 0.7480468765625 0.9794921875 0.8212890625 0.96875 0.8339843765625 0.9521484375 0.8417968765625 0.9150390625 0.8417968765625 0.7314453125
0 0.4453125 0.3095703125 0.4316406234375 0.2646484375 0.40234375 0.2314453125 0.3984375 0.1806640625 0.3623046875 0.171875 0.328125 0.1865234375 0.328125 0.2333984375 0.3027343765625 0.2666015625 0.2890625 0.3134765625 0.2910156234375 0.3759765625 0.3046875 0.4423828125 0.2988281234375 0.6533203125 0.3349609375 0.7050781234375 0.3564453125 0.7128906234375 0.41015625 0.7138671875 0.4355468765625 0.6904296875 0.45703125 0.6435546875 0.4394531234375 0.5029296875 0.4453125 0.3095703125
0 0.3027343765625 0.4423828125 0.2871093765625 0.3662109375 0.2871093765625 0.3076171875 0.3105468765625 0.2412109375 0.27734375 0.2001953125 0.2792968765625 0.1650390625 0.2724609375 0.1503906234375 0.2412109375 0.1699218765625 0.2050781234375 0.1787109375 0.2089843765625 0.2060546875 0.1796875 0.2451171875 0.171875 0.2802734375 0.171875 0.3310546875 0.18359375 0.3974609375 0.1816406234375 0.6357421875 0.2158203125 0.6621093765625 0.2558593765625 0.6611328125 0.2949218765625 0.6435546875 0.2949218765625 0.5576171875 0.3027343765625 0.5341796875 0.3027343765625 0.4423828125
0 0.16796875 0.3037109375 0.171875 0.2607421875 0.1953125 0.2099609375 0.1640625 0.1708984375 0.1660156234375 0.1533203125 0.1542968765625 0.1240234375 0.1259765625 0.11914062343750001 0.09570312343750001 0.1318359375 0.08984375 0.1728515625 0.0605468765625 0.2216796875 0.0527343765625 0.2744140625 0.078125 0.4033203125 0.07617187656249999 0.5302734375 0.06835937656249999 0.5673828125 0.07421875 0.6142578125 0.0908203125 0.625 0.1503906234375 0.6318359375 0.1728515625 0.6308593765625 0.1796875 0.6162109375 0.1816406234375 0.3955078125 0.16796875 0.3037109375
0 0.5097656234375 0.2099609375 0.48828125 0.1826171875 0.48828125 0.1376953125 0.4462890625 0.12890625 0.4238281234375 0.1396484375 0.4238281234375 0.1826171875 0.40625 0.2021484375 0.40625 0.2294921875 0.43359375 0.2646484375 0.4453125 0.3017578125 0.44140625 0.5126953125 0.4511718765625 0.6123046875 0.4628906234375 0.6337890625 0.51953125 0.5517578125 0.5136718765625 0.3681640625 0.5234375 0.2470703125 0.5097656234375 0.2099609375
0 0.57421875 0.2236328125 0.5644531234375 0.1787109375 0.5410156234375 0.1416015625 0.5371093765625 0.1025390625 0.5009765625 0.09570312343750001 0.4785156234375 0.1064453125 0.4785156234375 0.1279296875 0.4921875 0.1435546875 0.4902343765625 0.1845703125 0.5136718765625 0.2138671875 0.5253906234375 0.2509765625 0.5136718765625 0.4072265625 0.5214843765625 0.5029296875 0.5292968765625 0.5205078125 0.55078125 0.5107421875 0.57421875 0.4521484375 0.5625 0.3740234375 0.57421875 0.2236328125
0 0.3574218765625 0.1591796875 0.3574218765625 0.1201171875 0.3388671875 0.10742187656249999 0.3154296875 0.10742187656249999 0.29296875 0.1181640625 0.2949218765625 0.1552734375 0.28125 0.1767578125 0.2792968765625 0.2001953125 0.3183593765625 0.2412109375 0.3261718765625 0.2314453125 0.3261718765625 0.1865234375 0.3652343765625 0.1689453125 0.3574218765625 0.1591796875
0 0.4296875 0.0888671875 0.4150390625 0.07617187656249999 0.3857421875 0.07617187656249999 0.3691406234375 0.0869140625 0.37109375 0.1201171875 0.359375 0.1552734375 0.3720703125 0.1699218765625 0.3955078125 0.17578125 0.41015625 0.1943359375 0.421875 0.1806640625 0.421875 0.1396484375 0.43359375 0.1298828125 0.4296875 0.0888671875
0 0.5146484375 0.06445312343750001 0.5097656234375 0.0888671875 0.5390625 0.1025390625 0.54296875 0.1435546875 0.578125 0.2080078125 0.5957031234375 0.1572265625 0.5683593765625 0.1044921875 0.5644531234375 0.0673828125 0.5146484375 0.06445312343750001
0 0.4423828125 0.05078125 0.4111328125 0.0546875 0.4082031234375 0.0732421875 0.4296875 0.0888671875 0.4316406234375 0.1240234375 0.4746093765625 0.1279296875 0.4765625 0.1064453125 0.46484375 0.0927734375 0.4628906234375 0.0595703125 0.4423828125 0.05078125
0 0.3183593765625 0.0439453125 0.3183593765625 0.1005859375 0.3525390625 0.11132812343750001 0.36328125 0.1279296875 0.3730468765625 0.0458984375 0.3544921875 0.03515625 0.3251953125 0.037109376562500004 0.3183593765625 0.0439453125