0 0.4160156234375 0.850260415625 0.4199218765625 0.709635415625 0.40625 0.6549479171875 0.3769531234375 0.5950520828125 0.3466796875 0.5625 0.3232421875 0.5520833328125 0.3037109375 0.5052083328125 0.2724609375 0.49739583437499996 0.2480468765625 0.51953125 0.23828125 0.59765625 0.2128906234375 0.6549479171875 0.20703125 0.696614584375 0.2109375 0.774739584375 0.25 0.881510415625 0.26953125 0.91015625 0.2890625 0.977864584375 0.3037109375 0.9921874984375 0.3535156234375 0.993489584375 0.3955078125 0.9765625015625 0.421875 0.92578125 0.4238281234375 0.87890625 0.4160156234375 0.850260415625
0 0.60546875 0.819010415625 0.6328125 0.7018229171875 0.6230468765625 0.6080729171875 0.58984375 0.52734375 0.58984375 0.48828125 0.5771484375 0.46614583437499996 0.5634765625 0.4609374984375 0.5361328125 0.4635416671875 0.51171875 0.51953125 0.4667968765625 0.571614584375 0.4453125 0.6236979171875 0.4375 0.67578125 0.4453125 0.8111979171874999 0.44140625 0.884114584375 0.4511718765625 0.9205729171874999 0.4736328125 0.9557291687499999 0.5048828125 0.9505208312500001 0.5371093765625 0.959635415625 0.5556640625 0.9479166671874999 0.5761718765625 0.912760415625 0.58203125 0.8580729171874999 0.60546875 0.819010415625
0 0.8183593765625 0.55859375 0.8261718765625 0.5013020828125 0.81640625 0.4075520828125 0.8222656234375 0.3294270828125 0.8017578125 0.3020833328125 0.7783203125 0.3020833328125 0.7412109375 0.3645833328125 0.6923828125 0.40364583437499996 0.66796875 0.4388020828125 0.64453125 0.49609375 0.62890625 0.5794270828125 0.6347656234375 0.69921875 0.62109375 0.759114584375 0.6376953125 0.7864583328125 0.6738281234375 0.7981770828125 0.6884765625 0.7890625015625 0.7041015625 0.796875 0.72265625 0.774739584375 0.8183593765625 0.55859375
0 0.4199218765625 0.3893229171875 0.375 0.32421875 0.3574218765625 0.2643229171875 0.3505859375 0.252604165625 0.3291015625 0.25 0.3125 0.259114584375 0.3027343765625 0.33203125 0.2734375 0.39453125 0.265625 0.49348958437499996 0.3017578125 0.5 0.3271484375 0.54427083125 0.3671875 0.569010415625 0.3974609375 0.5572916671875 0.4355468765625 0.5169270828125 0.4394531234375 0.45963541562500004 0.4199218765625 0.3893229171875
0 0.5908203125 0.4765625015625 0.5996093765625 0.4544270828125 0.59765625 0.33203125 0.5683593765625 0.26171875 0.56640625 0.19921875 0.5537109375 0.1822916671875 0.5302734375 0.1822916671875 0.5175781234375 0.19661458437499998 0.50390625 0.25390625 0.47265625 0.303385415625 0.4511718765625 0.36328125 0.44921875 0.524739584375 0.47265625 0.55859375 0.5078125 0.5169270828125 0.5361328125 0.4609374984375 0.5751953125 0.4609374984375 0.5908203125 0.4765625015625
0 0.78125 0.23307291718749998 0.765625 0.15234375 0.7734375 0.1263020828125 0.7714843765625 0.07942708281250001 0.7626953125 0.07031250156249999 0.7470703125 0.06770833281250001 0.7324218765625 0.07942708281250001 0.71875 0.1236979171875 0.65625 0.20442708281250002 0.6347656234375 0.2643229171875 0.6152343765625 0.3893229171875 0.6337890625 0.421875 0.6660156234375 0.4361979171875 0.6982421875 0.39322916874999997 0.7373046875 0.36197916874999997 0.7753906234375 0.2981770828125 0.78125 0.23307291718749998
0 0.9511718765625 0.4518229171875 0.96484375 0.3919270828125 0.9609375 0.2955729171875 0.97265625 0.274739584375 0.96875 0.25390625 0.9746093765625 0.23828125 0.97265625 0.22265625 0.9580078125 0.20833333281250002 0.9306640625 0.2109374984375 0.8984375 0.24609375 0.8935546875 0.265625 0.8261718765625 0.3268229171875 0.8183593765625 0.384114584375 0.8300781234375 0.47786458437499996 0.82421875 0.540364584375 0.7753906234375 0.67578125 0.8046875 0.70703125 0.8203125 0.696614584375 0.8535156234375 0.6236979171875 0.8886718765625 0.5794270828125 0.9511718765625 0.4518229171875
0 0.8730468765625 0.009114584375 0.8564453125 0 0.8388671875 0.002604165625 0.8183593765625 0.0325520828125 0.81640625 0.05078125 0.7734375 0.10546875 0.76953125 0.14713541562500002 0.7832031234375 0.23567708281250002 0.7792968765625 0.2955729171875 0.82421875 0.30859375 0.8515625 0.259114584375 0.8652343765625 0.19401041562500002 0.86328125 0.06640625 0.8730468765625 0.009114584375
0 0.6630859375 0 0.625 0.07682291718749999 0.60546875 0.22265625 0.6162109375 0.23697916874999997 0.6240234375 0.22916666718749998 0.6191406234375 0.240885415625 0.63671875 0.2513020828125 0.671875 0.1731770828125 0.71484375 0.12109375 0.7246093765625 0.08984375 0.7216796875 0 0.6630859375 0
0 0.5556640625 0.1822916671875 0.56640625 0.19401041562500002 0.5703125 0.26171875 0.5810546875 0.28125 0.5878906234375 0.27734375 0.5957031234375 0.16015625 0.5703125 0.069010415625 0.5722656234375 0.040364584375 0.5615234375 0 0.5292968765625 0.00390625 0.5175781234375 0.053385415625 0.4746093765625 0.14713541562500002 0.46484375 0.21484375 0.46875 0.30078125 0.5019531234375 0.25390625 0.5175781234375 0.19401041562500002 0.5283203125 0.1822916671875 0.5556640625 0.1822916671875
0 0.3505859375 0.25 0.37890625 0.321614584375 0.3994140625 0.3489583328125 0.4042968765625 0.3424479171875 0.3964843765625 0.20182291718749998 0.3652343765625 0.1080729171875 0.3193359375 0.007812501562500001 0.2910156234375 0.0169270828125 0.2871093765625 0.07682291718749999 0.2578125 0.1705729171875 0.26171875 0.287760415625 0.2753906234375 0.350260415625 0.28515625 0.3580729171875 0.2988281234375 0.334635415625 0.30859375 0.26171875 0.3310546875 0.247395834375 0.3505859375 0.25
0 0.4589843765625 0.006510415625 0.45703125 0.17838541562500002 0.4628906234375 0.21484375 0.4707031234375 0.1575520828125 0.5175781234375 0.05078125 0.5263671875 0 0.4589843765625 0.006510415625
0 0.3251953125 0 0.4042968765625 0.22005208281250002 0.4121093765625 0.20442708281250002 0.4121093765625 0.16276041562500002 0.4003906234375 0.055989584375 0.3779296875 0 0.3251953125 0
0 0.5761718765625 0.07942708281250001 0.59375 0.13671875 0.6015625 0.209635415625 0.62109375 0.084635415625 0.6552734375 0 0.58203125 0.00390625 0.5761718765625 0.07942708281250001