0 0.323828125 0.5522135421875001 0.304296875 0.5053385421875001 0.273046875 0.49752604375000004 0.2486328125 0.519661459375 0.2388671875 0.597786459375 0.2134765609375 0.6550781265625 0.2076171875 0.69674479375 0.2115234375 0.77486979375 0.2505859375 0.881640625 0.2701171875 0.9102864593750001 0.2896484375 0.97799479375 0.304296875 0.9923177078125001 0.3541015609375 0.99361979375 0.39609375 0.9766927109375001 0.4224609375 0.9259114593750001 0.4234375 0.902473940625 0.4234375 0.8754557359374999 0.4166015609375 0.850390625 0.4205078125 0.709765625 0.4068359375 0.6550781265625 0.3775390609375 0.5951822921875001 0.347265625 0.562630209375 0.323828125 0.5522135421875001
0 0.6230468765625 0.608203125 0.58984375 0.5274739562499999 0.58984375 0.48841145625 0.5771484375 0.46627604062500005 0.5634765625 0.46106770468749997 0.5361328125 0.463671875 0.51171875 0.5196614562499999 0.4667968765625 0.571744790625 0.4453125 0.623828125 0.4375 0.6759114562499999 0.4453125 0.8113281234375 0.44140625 0.8842447921875 0.4511718765625 0.9207031234375 0.4736328125 0.955859375 0.5048828125 0.9506510390624999 0.5357282484375 0.959375 0.5377278609375 0.959375 0.5556640625 0.9480468734375 0.5761718765625 0.912890621875 0.58203125 0.8582031234375 0.60546875 0.819140621875 0.6328125 0.701953125 0.6230468765625 0.608203125
0 0.691796875 0.4037760421875 0.6673828125 0.43893229062500005 0.6439453125 0.49622395781249995 0.6283203125 0.579557290625 0.6341796875 0.6993489578125 0.6205078125 0.7592447921875001 0.637109375 0.786588540625 0.6732421875 0.798307290625 0.687890625 0.789192709375 0.703515625 0.7970052078125 0.7220703125 0.7748697921875001 0.817773440625 0.5587239578125 0.825 0.5057291890625 0.825 0.49580726249999996 0.8158203125 0.40768229062500005 0.8216796875 0.329557290625 0.801171875 0.302213540625 0.777734375 0.302213540625 0.740625 0.364713540625 0.691796875 0.4037760421875
0 0.3126953125 0.25924479218749996 0.3029296875 0.3321614578125 0.2736328125 0.3946614578125 0.2658203125 0.4936197921875 0.301953125 0.5001302078125 0.32734375 0.5444010390625 0.36675061875 0.56875 0.3683919234375 0.56875 0.39765625 0.557421875 0.4357421875 0.517057290625 0.4390625 0.46835935468749995 0.4390625 0.45765625468750004 0.4201171875 0.389453125 0.3751953125 0.3243489578125 0.3576171875 0.264453125 0.35078125 0.2527343734375 0.329296875 0.2501302078125 0.3126953125 0.25924479218749996
0 0.5169921875 0.19596354375 0.5033203125 0.253255209375 0.4720703125 0.302734375 0.4505859390625 0.362630209375 0.4486328125 0.52408854375 0.47198016875000004 0.5578125 0.472180175 0.5578125 0.5072265625 0.5162760421875 0.535546875 0.46028645625 0.574609375 0.46028645625 0.590234375 0.47591145937499996 0.5984375 0.45525174062499996 0.5984375 0.4170572234375 0.5970703125 0.331380209375 0.5677734390625 0.261067709375 0.5658203125 0.19856770937499998 0.553125 0.1816406265625 0.5296875 0.1816406265625 0.5169921875 0.19596354375
0 0.7322265640625 0.0798177078125 0.7185546875 0.12408854218750001 0.6560546875 0.20481770781250003 0.6345703125 0.2647135421875 0.6150390640625 0.3897135421875 0.63359375 0.422265625 0.6643554671875 0.4359375 0.66630859375 0.4359375 0.698046875 0.39361979375 0.737109375 0.36236979375 0.7751953125 0.2985677078125 0.7796875 0.2486545140625 0.7796875 0.226399740625 0.7654296875 0.152734375 0.7732421875 0.1266927078125 0.7712890640625 0.0798177078125 0.7625 0.0707031265625 0.746875 0.0680989578125 0.7322265640625 0.0798177078125
0 0.9609375 0.296223959375 0.97265625 0.2753906265625 0.96875 0.2545572921875 0.9746093765625 0.23893229218749998 0.97265625 0.22330729218749998 0.9580078125 0.208984375 0.9306640625 0.211588540625 0.8984375 0.24674479218749998 0.8935546875 0.2662760421875 0.8261718765625 0.327473959375 0.8183593765625 0.3847656265625 0.8300781234375 0.478515625 0.82421875 0.541015625 0.7753906234375 0.6764322921875 0.8033447265625 0.70625 0.8068359375 0.70625 0.8203125 0.697265625 0.8535156234375 0.624348959375 0.8886718765625 0.580078125 0.9511718765625 0.45247395937499996 0.96484375 0.392578125 0.9609375 0.296223959375
0 0.8540039046875 0 0.8390625 0.002213540625 0.8185546890625 0.0321614578125 0.8166015625 0.050390625 0.7736328125 0.105078125 0.7697265625 0.146744790625 0.7833984359375 0.23528645781250002 0.7794921890625 0.2951822921875 0.82306640625 0.3078125 0.824629934375 0.3078125 0.8517578125 0.25872395937500003 0.8654296890625 0.193619790625 0.8634765625 0.066015625 0.8732421890625 0.008723959375 0.8573521203125001 0 0.8540039046875 0
0 0.6624354484375 0 0.6244140625 0.076692709375 0.6048828125 0.2225260421875 0.615625 0.236848959375 0.6234375 0.2290364578125 0.6185546875 0.24075520625000002 0.6341552734375 0.25 0.6366601562499999 0.25 0.6712890625 0.173046875 0.7142578125 0.12096354218750001 0.7234375 0.091588546875 0.7234375 0.071744753125 0.7210979953125001 0 0.6624354484375 0
0 0.4744140625 0.14752604062500002 0.4646484375 0.215234375 0.4685014203125 0.3 0.469384765625 0.3 0.5017578109375 0.254296875 0.5173828109375 0.19440104062500002 0.528125 0.1826822921875 0.55546875 0.1826822921875 0.5662109375 0.19440104062500002 0.5701171875 0.262109375 0.580859375 0.281640625 0.5876953109375 0.277734375 0.59375 0.18691403906249998 0.59375 0.154236784375 0.5701171875 0.069401040625 0.5720703109375 0.040755209375000004 0.561328125 0.000390625 0.5291015625 0.004296875 0.5173828109375 0.053776040625 0.4744140625 0.14752604062500002
0 0.2576171875 0.1707031265625 0.2615234375 0.287890625 0.2751953125 0.350390625 0.2844726546875 0.3578125 0.285188803125 0.3578125 0.2986328125 0.334765625 0.3083984375 0.261848959375 0.330859375 0.24752604374999998 0.350390625 0.250130209375 0.3787109375 0.32174479375 0.39921875 0.34908854218749996 0.403125 0.3438802109375 0.403125 0.3249999734375 0.3962890640625 0.2019531265625 0.3650390640625 0.1082031265625 0.319140625 0.0079427109375 0.2908203125 0.0170572921875 0.2869140640625 0.0769531265625 0.2576171875 0.1707031265625
0 0.5226171875000001 0 0.4592773453125 0.0061197906250000005 0.45732421875 0.177994790625 0.4631208125 0.2140625 0.463236859375 0.2140625 0.4709960921875 0.1571614578125 0.5178710921875 0.050390625 0.5265625 0.0001736109375 0.5265625 0 0.5226171875000001 0
0 0.3251444625 0 0.40377796874999994 0.21875 0.4047851578125 0.21875 0.4109375 0.206445315625 0.4109375 0.15284286875 0.40029296875 0.05585937656249999 0.377884265625 0 0.3251444625 0
0 0.601721190625 0.209375 0.62119140625 0.0847656234375 0.6546875 0.001822915625 0.6546875 0.000166665625 0.58212890625 0.0040364578125 0.5765625 0.07578126874999999 0.5765625 0.080512146875 0.59384765625 0.1368489578125 0.601618303125 0.209375 0.601721190625 0.209375