0 0.676171875 0.4477864578125 0.695703125 0.4946614578125 0.726953125 0.50247395625 0.7513671875 0.48033854062500003 0.7611328125 0.40221354062500003 0.7865234390625 0.3449218734375 0.7923828125 0.30325520625 0.7884765625 0.22513020625000002 0.7494140625 0.118359375 0.7298828125 0.089713540625 0.7103515625 0.02200520625 0.695703125 0.0076822921875 0.6458984390625 0.006380206250000001 0.60390625 0.0233072890625 0.5775390625 0.074088540625 0.5765625 0.097526059375 0.5765625 0.1245442640625 0.5833984390625 0.149609375 0.5794921875 0.290234375 0.5931640625 0.3449218734375 0.6224609390625 0.4048177078125 0.652734375 0.43736979062500003 0.676171875 0.4477864578125
0 0.3769531234375 0.391796875 0.41015625 0.47252604375 0.41015625 0.5115885437500001 0.4228515625 0.533723959375 0.4365234375 0.5389322953125 0.4638671875 0.536328125 0.48828125 0.48033854375 0.5332031234375 0.42825520937499995 0.5546875 0.376171875 0.5625 0.32408854374999996 0.5546875 0.1886718765625 0.55859375 0.1157552078125 0.5488281234375 0.0792968765625 0.5263671875 0.044140625 0.4951171875 0.049348960937500005 0.4642717515625 0.040625 0.46227213906250003 0.040625 0.4443359375 0.05195312656249999 0.4238281234375 0.087109378125 0.41796875 0.1417968765625 0.39453125 0.180859378125 0.3671875 0.298046875 0.3769531234375 0.391796875
0 0.308203125 0.5962239578124999 0.3326171875 0.561067709375 0.3560546875 0.5037760421875 0.3716796875 0.42044270937499995 0.3658203125 0.3006510421875 0.3794921875 0.2407552078125 0.362890625 0.213411459375 0.3267578125 0.201692709375 0.312109375 0.21080729062499998 0.296484375 0.2029947921875 0.2779296875 0.2251302078125 0.182226559375 0.44127604218750005 0.175 0.4942708109375 0.175 0.5041927375 0.1841796875 0.592317709375 0.1783203125 0.670442709375 0.198828125 0.697786459375 0.222265625 0.697786459375 0.259375 0.635286459375 0.308203125 0.5962239578124999
0 0.6873046875 0.7407552078124999 0.6970703125 0.6678385421875 0.7263671875 0.6053385421875 0.7341796875 0.5063802078124999 0.698046875 0.49986979218750005 0.67265625 0.45559896093749996 0.63324938125 0.43125 0.6316080765625001 0.43125 0.60234375 0.442578125 0.5642578125 0.48294270937499995 0.5609375 0.5316406453125 0.5609375 0.5423437453125 0.5798828125 0.610546875 0.6248046875 0.6756510421875 0.6423828125 0.735546875 0.64921875 0.7472656265625 0.670703125 0.7498697921875 0.6873046875 0.7407552078124999
0 0.4830078125 0.8040364562500001 0.4966796875 0.746744790625 0.5279296875 0.697265625 0.5494140609375 0.637369790625 0.5513671875 0.47591145625 0.52801983125 0.4421875 0.527819825 0.4421875 0.4927734375 0.4837239578125 0.464453125 0.53971354375 0.425390625 0.53971354375 0.409765625 0.524088540625 0.4015625 0.544748259375 0.4015625 0.5829427765624999 0.4029296875 0.668619790625 0.4322265609375 0.738932290625 0.4341796875 0.801432290625 0.446875 0.8183593734375 0.4703125 0.8183593734375 0.4830078125 0.8040364562500001
0 0.2677734359375 0.9201822921874999 0.2814453125 0.8759114578125 0.3439453125 0.7951822921875 0.3654296875 0.7352864578125 0.3849609359375 0.6102864578125 0.36640625 0.577734375 0.3356445328125 0.5640625 0.33369140625 0.5640625 0.301953125 0.60638020625 0.262890625 0.63763020625 0.2248046875 0.7014322921875 0.2203125 0.7513454859375 0.2203125 0.773600259375 0.2345703125 0.847265625 0.2267578125 0.8733072921874999 0.2287109359375 0.9201822921874999 0.2375 0.9292968734375 0.253125 0.9319010421874999 0.2677734359375 0.9201822921874999
0 0.0390625 0.703776040625 0.02734375 0.7246093734375 0.03125 0.7454427078125 0.0253906234375 0.7610677078125 0.02734375 0.7766927078125 0.0419921875 0.791015625 0.0693359375 0.788411459375 0.1015625 0.7532552078125 0.1064453125 0.7337239578125 0.1738281234375 0.672526040625 0.1816406234375 0.6152343734375 0.1699218765625 0.521484375 0.17578125 0.458984375 0.2246093765625 0.3235677078125 0.1966552734375 0.29375 0.1931640625 0.29375 0.1796875 0.302734375 0.1464843765625 0.375651040625 0.11132812343750001 0.419921875 0.048828123437499996 0.547526040625 0.03515625 0.607421875 0.0390625 0.703776040625
0 0.1459960953125 1 0.1609375 0.9977864593750001 0.1814453109375 0.9678385421875 0.1833984375 0.949609375 0.2263671875 0.894921875 0.2302734375 0.8532552093750001 0.2166015640625 0.7647135421875 0.2205078109375 0.7048177078125 0.17693359375 0.6921875 0.175370065625 0.6921875 0.1482421875 0.7412760406250001 0.1345703109375 0.8063802093750001 0.1365234375 0.933984375 0.1267578109375 0.991276040625 0.14264787968749998 1 0.1459960953125 1
0 0.3375645515625 1 0.3755859375 0.9233072906249999 0.3951171875 0.7774739578125 0.384375 0.763151040625 0.3765625 0.7709635421875001 0.3814453125 0.75924479375 0.3658447265625 0.75 0.36333984375 0.75 0.3287109375 0.826953125 0.2857421875 0.8790364578125001 0.2765625 0.908411453125 0.2765625 0.9282552468749999 0.27890200468750004 1 0.3375645515625 1
0 0.5255859375 0.852473959375 0.5353515625 0.784765625 0.5314985796875 0.7 0.530615234375 0.7 0.4982421890625 0.745703125 0.4826171890625 0.805598959375 0.471875 0.8173177078125 0.44453125 0.8173177078125 0.4337890625 0.805598959375 0.4298828125 0.737890625 0.419140625 0.718359375 0.4123046890625 0.722265625 0.40625 0.8130859609375 0.40625 0.845763215625 0.4298828125 0.930598959375 0.4279296890625 0.9592447906249999 0.438671875 0.999609375 0.4708984375 0.995703125 0.4826171890625 0.946223959375 0.5255859375 0.852473959375
0 0.7423828125 0.8292968734375 0.7384765625 0.712109375 0.7248046875 0.649609375 0.7155273453125 0.6421875 0.714811196875 0.6421875 0.7013671875 0.665234375 0.6916015625 0.738151040625 0.669140625 0.75247395625 0.649609375 0.749869790625 0.6212890625 0.67825520625 0.60078125 0.6509114578124999 0.596875 0.6561197890625 0.596875 0.6750000265625 0.6037109359375 0.7980468734375 0.6349609359375 0.8917968734375 0.680859375 0.9920572890624999 0.7091796875 0.9829427078125 0.7130859359375 0.9230468734375 0.7423828125 0.8292968734375
0 0.4773828125 1 0.5407226546875 0.9938802093750001 0.54267578125 0.8220052093750001 0.5368791875000001 0.7859375 0.536763140625 0.7859375 0.5290039078125 0.8428385421875 0.4821289078125 0.949609375 0.4734375 0.9998263890624999 0.4734375 1 0.4773828125 1
0 0.6748555374999999 1 0.5962220312500001 0.78125 0.5952148421875 0.78125 0.5890625 0.793554684375 0.5890625 0.84715713125 0.59970703125 0.9441406234375 0.622115734375 1 0.6748555374999999 1
0 0.398278809375 0.790625 0.37880859375 0.9152343765625 0.3453125 0.9981770843750001 0.3453125 0.999833334375 0.41787109375 0.9959635421874999 0.4234375 0.9242187312500001 0.4234375 0.9194878531249999 0.40615234375 0.8631510421874999 0.39838169687499997 0.790625 0.398278809375 0.790625