0 0.4798828125 0.06993260625 0.4486328125 0.0591324703125 0.43203125 0.0685825890625 0.4125 0.1495836203125 0.31875 0.2926854390625 0.269921875 0.4060868828125 0.250390625 0.4870879125 0.203515625 0.79219179375 0.180078125 0.8785928921874999 0.176171875 0.9352936125 0.16445312343750002 0.9838942312500001 0.1727127625 0.9953125 0.29130388125 0.9953125 0.391015625 0.99469436875 0.398828125 0.9838942312500001 0.4046875 0.9325935781249999 0.4984375 0.516788290625 0.503125 0.46494763125 0.503125 0.419587053125 0.500390625 0.3439860921875 0.4769531234375 0.1954842046875 0.4769531234375 0.1522836546875 0.4828125 0.1441835515625 0.490625 0.0847827953125 0.4798828125 0.06993260625
0 0.6544921875 0.25192307812500003 0.6291015625 0.28162345625 0.5392578109375 0.44632554999999996 0.4923828140625 0.5516268890625 0.4005859375 0.98633241875 0.40522588437499996 0.9953125 0.48809175156249995 0.9953125 0.6427734375 0.9944325218750001 0.7287109375 0.6353279546875 0.7267578109375 0.3491243140625 0.7189453125 0.27082331718749997 0.7306640625 0.23842290625 0.734375 0.187122253125 0.734375 0.184310265625 0.69453125 0.161471928125 0.6779296875 0.1655219796875 0.6720703125 0.1952223578125 0.6583984375 0.20872252812499997 0.6623046875 0.23032280312500003 0.6544921875 0.25192307812500003
0 0.1708685015625 0 0.1326171859375 0.0011750953125 0.1228515625 0.047075678125 0.0369140625 0.182077396875 0 0.2572804578125 0 0.99375 0.10574260312499999 0.99375 0.1248046875 0.9515871828125 0.1287109375 0.8516859125 0.1892578125 0.61138285625 0.2234375 0.3908800515625 0.2234375 0.35982965624999996 0.2185546875 0.23607808281249998 0.1912109375 0.0821761265625 0.1912109375 0.047075678125 0.2029296875 0.01197523125 0.1769421 0 0.1708685015625 0
0 0.73203125 0.8974072796874999 0.730078125 0.9325077265624999 0.714453125 0.9838083796875001 0.7209255890625 0.9953125 0.8180247484375001 0.9953125 0.9234375 0.9946085171875 0.948828125 0.9325077265624999 0.987890625 0.7651055984374999 0.9984375 0.692204671875 0.9984375 0.340559734375 0.9576171875 0.318249915625 0.948828125 0.32229996562499996 0.9449218734375 0.346600275 0.84921875 0.47890195625 0.81015625 0.5491028515624999 0.73203125 0.8974072796874999
0 0.72890625 0.35751201875 0.730859375 0.6518157609374999 0.65078125 0.9893200562500001 0.6585838140625 0.9953125 0.6820405593750001 0.9953125 0.699609375 0.9947201234374999 0.71328125 0.9785199171875 0.725 0.9353193671875 0.7269531234375 0.9002189218750001 0.801171875 0.568114696875 0.84609375 0.4763135296875 0.84609375 0.2954112296875 0.840234375 0.2738109546875 0.85 0.24681061093749998 0.853125 0.20793011562500002 0.853125 0.1977471296875 0.8197265625 0.17795973437499998 0.8050781265625 0.1793097515625 0.7894531234375 0.2171102328125 0.7894531234375 0.24681061093749998 0.76015625 0.2873111265625 0.72890625 0.35751201875
0 0.67109375 0.132399340625 0.628125 0.11889916874999999 0.6193359375 0.1499495625 0.6095703125 0.1580496671875 0.6076171875 0.1985501796875 0.5138671875 0.3389519671875 0.5041015625 0.371352378125 0.5099495468749999 0.4953125 0.51009359375 0.4953125 0.6271484375 0.2822512453125 0.6505859375 0.25255086718749997 0.6583984375 0.1985501796875 0.6701171875 0.1904500796875 0.6779296875 0.152649596875 0.67109375 0.132399340625
0 0.50202345625 0.3484375 0.508437434375 0.3484375 0.5294921875 0.30610083125 0.5953125 0.21510967499999997 0.5953125 0.1843292828125 0.594921875 0.16434902812500002 0.55 0.1508488578125 0.53828125 0.1751491671875 0.5109375 0.19404940625 0.4845703125 0.22779983593750003 0.50202345625 0.3484375
0 0.346845065625 0 0.3085937515625 0.0011750953125 0.3066406265625 0.0173753015625 0.2988281265625 0.025475403125 0.3027343765625 0.0443756453125 0.2949218765625 0.068675953125 0.2167968765625 0.1928775328125 0.2265625 0.30357894218750003 0.2246093765625 0.41968041874999995 0.17968750312499998 0.6788837156249999 0.1347656265625 0.8327856703125001 0.1308593765625 0.9380870109374999 0.117187503125 0.981287559375 0.11816406406249999 0.9934377156249999 0.1265222640625 0.99375 0.1550475421875 0.99375 0.1640625 0.981287559375 0.1738281265625 0.8840863234375 0.2031250015625 0.7841850546875 0.2128906265625 0.6842837828125 0.2597656265625 0.4304805546875 0.3027343765625 0.3170791140625 0.3671875 0.20907774375 0.3671875 0.20907771562500002 0.3515625 0.090276228125 0.3652343765625 0.014675267187499999 0.352688603125 0 0.346845065625 0
0 0.4767578109375 0.1632286640625 0.4806640625 0.20912924843749997 0.48762342968750005 0.21875 0.48958563593750004 0.21875 0.5392578109375 0.16592869999999998 0.5353515625 0.0957278078125 0.5451171875 0.08492766874999999 0.5484375 0.055092290625 0.5484375 0.049266446874999995 0.536328125 0.03767706875 0.505078125 0.029576965625 0.4923828125 0.06332739375 0.4962890625 0.0957278078125 0.4904296875 0.1362283234375 0.4767578109375 0.1632286640625
0 0.8513579703125 0.425 0.8517266046874999 0.425 0.8572265625 0.41739676562500005 0.8513671859375 0.41469672968750004 0.8513671859375 0.3903964203125 0.8611328125 0.3903964203125 0.86015625 0.41604674687500004 0.9333984375 0.30939538906249997 0.9333984375 0.27699497812499996 0.9431640625 0.2553947046875 0.94375 0.246484584375 0.94375 0.222184284375 0.93828125 0.2081441015625 0.905078125 0.197343965625 0.8884765625 0.22839435937500002 0.8826171859375 0.2715949078125 0.8494140625 0.320195528125 0.8513579703125 0.425
0 0.7330083890625 0.3328125 0.7580078109375 0.2876191203125 0.7501953125 0.21741822656249998 0.7619140625 0.1931179171875 0.7638671875 0.14991736875 0.7210370312500001 0.1328125 0.7197397859375 0.1328125 0.7072265625 0.1634175390625 0.7384765625 0.18771785000000002 0.7345703125 0.24711860468750002 0.7208984375 0.2741189484375 0.73247766875 0.3328125 0.7330083890625 0.3328125