0 0.50390625 0.45225575156250003 0.5 0.344254378125 0.4765624984375 0.195752490625 0.4765624984375 0.152551940625 0.482421875 0.14445183749999999 0.490234375 0.08505108125000001 0.4794921875 0.0702008921875 0.4482421875 0.05940075625 0.431640625 0.068850875 0.412109375 0.14985190625 0.318359375 0.292953725 0.26953125 0.40635516875000005 0.25 0.4873561984375 0.203125 0.7924600796875 0.1796875015625 0.878861178125 0.17578125 0.9355618984375 0.1640624984375 0.9841625171875 0.1728515625 0.996312671875 0.390625 0.9949626546875001 0.3984375015625 0.9841625171875 0.404296875 0.9328618640625 0.498046875 0.5170565765624999 0.50390625 0.45225575156250003
0 0.73046875 0.2389530390625 0.734375 0.1849523515625 0.6943359375 0.1620020609375 0.677734375 0.16605211250000002 0.671875 0.195752490625 0.658203125 0.2092526609375 0.662109375 0.2308529359375 0.654296875 0.2524532109375 0.62890625 0.2821535890625 0.5390624984375 0.4468556828125 0.4921875015625 0.552157021875 0.400390625 0.9868625515625 0.4052734375 0.996312671875 0.642578125 0.9949626546875001 0.728515625 0.6358580875000001 0.7265624984375 0.34965444687499997 0.71875 0.27135345 0.73046875 0.2389530390625
0 0 0.9949626546875001 0.10546875 0.9949626546875001 0.125 0.95176210625 0.12890625 0.8518608359375 0.189453125 0.611557778125 0.224609375 0.38475489375 0.21875 0.2362530046875 0.19140625 0.08235104843749999 0.19140625 0.0472506 0.203125 0.012150153125 0.1767578125 0 0.1328124984375 0.0013500171875 0.123046875 0.0472506 0.037109375 0.18225231875 0 0.2578532796875 0 0.9949626546875001
0 1 0.3415543453125 0.9580078125 0.318604053125 0.94921875 0.322654103125 0.9453124984375 0.34695441250000003 0.849609375 0.47925609375 0.810546875 0.5494569890625 0.732421875 0.8977614171875 0.73046875 0.9328618640625 0.71484375 0.9841625171875 0.7216796875 0.996312671875 0.923828125 0.9949626546875001 0.94921875 0.9328618640625 0.98828125 0.7654597359374999 1 0.6844587062499999 1 0.3415543453125
0 0.80078125 0.568357228125 0.845703125 0.4765560609375 0.845703125 0.2956537609375 0.83984375 0.2740534859375 0.849609375 0.24705314218750002 0.853515625 0.1984525234375 0.8193359375 0.178202265625 0.8046875015625 0.1795522828125 0.7890624984375 0.2173527640625 0.7890624984375 0.24705314218750002 0.759765625 0.28755365781250003 0.728515625 0.35775455 0.73046875 0.6520582921875 0.650390625 0.9895625875 0.6591796875 0.996312671875 0.69921875 0.9949626546875001 0.712890625 0.9787624484374999 0.724609375 0.9355618984375 0.7265624984375 0.900461453125 0.80078125 0.568357228125
0 0.669921875 0.190352421875 0.677734375 0.152551940625 0.6708984375 0.13230168281250002 0.6279296875 0.1188015125 0.619140625 0.14985190625 0.609375 0.157952009375 0.607421875 0.1984525234375 0.513671875 0.338854309375 0.50390625 0.3712547203125 0.509765625 0.49545630156250003 0.626953125 0.2821535890625 0.650390625 0.2524532109375 0.658203125 0.1984525234375 0.669921875 0.190352421875
0 0.5498046875 0.1512019234375 0.5380859375 0.1755022328125 0.5107421875 0.19440247187499998 0.484375 0.22815290156249998 0.501953125 0.34965444687499997 0.5078124984375 0.34965444687499997 0.529296875 0.306453896875 0.595703125 0.2146527296875 0.5947265625 0.16470209375 0.5498046875 0.1512019234375
0 0.212890625 0.6844587062499999 0.259765625 0.43065547656250003 0.302734375 0.3172540359375 0.3671875015625 0.2092526609375 0.3515624984375 0.09045115000000001 0.365234375 0.0148501890625 0.3525390625 0 0.30859375 0.0013500171875 0.306640625 0.0175502234375 0.298828125 0.025650325 0.302734375 0.0445505671875 0.294921875 0.068850875 0.216796875 0.1930524546875 0.2265624984375 0.3037538640625 0.224609375 0.419855340625 0.1796875015625 0.6790586375000001 0.134765625 0.83296059375 0.130859375 0.9382619343749999 0.11718750156249999 0.9814624828125 0.1181640625 0.9936126375000001 0.154296875 0.9949626546875001 0.1640624984375 0.9814624828125 0.173828125 0.884261246875 0.203125 0.7843599765625 0.212890625 0.6844587062499999
0 0.548828125 0.0499506359375 0.5361328125 0.037800481250000004 0.5048828125 0.029700378125 0.4921875015625 0.06345080625 0.49609375 0.0958512203125 0.490234375 0.136351734375 0.4765624984375 0.1633520765625 0.48046875 0.2092526609375 0.48828125 0.22005279843749997 0.5390624984375 0.16605211250000002 0.53515625 0.0958512203125 0.544921875 0.08505108125000001 0.548828125 0.0499506359375
0 0.861328125 0.3901549625 0.8603515625 0.4158052875 0.93359375 0.30915393125 0.93359375 0.2767535203125 0.943359375 0.255153246875 0.9453124984375 0.22545286875 0.9384765625 0.20790264375 0.9052734375 0.1971025078125 0.888671875 0.22815290156249998 0.8828124984375 0.27135345 0.849609375 0.3199540703125 0.8515624984375 0.42525540937499995 0.857421875 0.41715530625 0.8515624984375 0.4144552703125 0.8515624984375 0.3901549625 0.861328125 0.3901549625
0 0.763671875 0.14985190625 0.7197265625 0.13230168281250002 0.70703125 0.1633520765625 0.73828125 0.1876523875 0.734375 0.24705314218750002 0.720703125 0.2740534859375 0.732421875 0.3334542421875 0.7578124984375 0.28755365781250003 0.75 0.2173527640625 0.76171875 0.1930524546875 0.763671875 0.14985190625