0 0.111328125 0.2494283578125 0.111328125 0.1716844546875 0.09277343593750001 0.1554878046875 0.0859375 0.1652057890625 0.0859375 0.2494283578125 0.0703125 0.294778959375 0.060546875 0.3660442109375 0.064453125 0.793635675 0.07421875 0.916730178125 0.10058593593750001 0.965320121875 0.109375 0.962080796875 0.13671875 0.8908155453125 0.138671875 0.385480178125 0.130859375 0.3077362765625 0.111328125 0.2494283578125
0 0.1796875 0.51505335 0.1875 0.3401295765625 0.181640625 0.2040777390625 0.16015625 0.1068978703125 0.162109375 0.048589934375 0.1572265640625 0.025914634375000002 0.1435546859375 0.025914634375000002 0.138671875 0.042111284375 0.138671875 0.1068978703125 0.119140625 0.184641771875 0.115234375 0.236471040625 0.115234375 0.2559070078125 0.1328125 0.3077362765625 0.138671875 0.35308689375 0.138671875 0.8195503093750001 0.1416015640625 0.8357469515625 0.1484375 0.8325076265625 0.1572265640625 0.8033536578125 0.1708984359375 0.8098323171875 0.177734375 0.767721040625 0.1796875 0.51505335
0 0.05859375 0.1587271375 0.056640625 0.06802591875 0.038085935937499996 0.0583079265625 0.033203125 0.11985518749999999 0.03515625 0.1716844546875 0.015625 0.32069359375 0.015625 0.4049161625 0.029296875 0.74180640625 0.041992185937499996 0.816310975 0.052734375 0.8130716421875 0.064453125 0.793635675 0.05859375 0.3725228625 0.078125 0.2494283578125 0.05859375 0.1587271375
0 0.33203125 0.2559070078125 0.3125 0.1652057890625 0.310546875 0.07450456875 0.2939453140625 0.0583079265625 0.2890625 0.06802591875 0.2890625 0.1716844546875 0.2734375 0.2753429921875 0.267578125 0.385480178125 0.283203125 0.7482850562500001 0.291015625 0.8065929921875 0.2958984359375 0.8227896343750001 0.3046875 0.8195503093750001 0.31640625 0.8065929921875 0.3125 0.385480178125 0.314453125 0.346608228125 0.33203125 0.2559070078125
0 0.38671875 0.32069359375 0.365234375 0.2494283578125 0.365234375 0.17816310625 0.3603515640625 0.16196646406249998 0.3427734359375 0.16196646406249998 0.33984375 0.2559070078125 0.32421875 0.3012576265625 0.314453125 0.3725228625 0.318359375 0.8195503093750001 0.326171875 0.910251528125 0.3349609359375 0.9394054875 0.36328125 0.9685594468750001 0.3837890640625 0.9264481703125 0.392578125 0.8778582281249999 0.39453125 0.4502667640625 0.38671875 0.32069359375
0 0.435546875 0.46322408125000003 0.44140625 0.3725228625 0.439453125 0.236471040625 0.4296875 0.1652057890625 0.416015625 0.1133765203125 0.4130859359375 0.0323932921875 0.39453125 0.0356326171875 0.392578125 0.1133765203125 0.376953125 0.1716844546875 0.369140625 0.236471040625 0.369140625 0.262385675 0.38671875 0.3077362765625 0.392578125 0.3660442109375 0.39453125 0.8325076265625 0.400390625 0.8389862765625 0.4111328140625 0.8098323171875 0.4228515640625 0.816310975 0.431640625 0.7806783578125 0.435546875 0.46322408125000003
0 0.580078125 0.242949690625 0.560546875 0.15224847187499999 0.55859375 0.06802591875 0.5400390640625 0.0583079265625 0.5390625 0.1587271375 0.51953125 0.3012576265625 0.517578125 0.39195884531249997 0.53125 0.6511051875 0.53125 0.7353277390625 0.541015625 0.8130716421875 0.55078125 0.8260289593750001 0.56640625 0.8065929921875 0.560546875 0.42435212968749997 0.564453125 0.3401295765625 0.580078125 0.242949690625
0 0.634765625 0.31421494375000003 0.61328125 0.2494283578125 0.61328125 0.1716844546875 0.5908203140625 0.16196646406249998 0.58984375 0.2494283578125 0.5703125 0.3077362765625 0.5625 0.4049161625 0.56640625 0.7741996906249999 0.576171875 0.916730178125 0.6044921859375 0.9717987812500001 0.611328125 0.9685594468750001 0.63671875 0.910251528125 0.642578125 0.8389862765625 0.642578125 0.43083079687500003 0.634765625 0.31421494375000003
0 0.68359375 0.46322408125000003 0.689453125 0.3660442109375 0.689453125 0.262385675 0.681640625 0.184641771875 0.6640625 0.1068978703125 0.6640625 0.0356326171875 0.6591796859375 0.025914634375000002 0.642578125 0.0356326171875 0.640625 0.1133765203125 0.623046875 0.17816310625 0.6171875 0.242949690625 0.63671875 0.31421494375000003 0.642578125 0.379001528125 0.642578125 0.8325076265625 0.6484375 0.8389862765625 0.6591796859375 0.8098323171875 0.6708984359375 0.816310975 0.6796875 0.7806783578125 0.68359375 0.46322408125000003
0 0.859375 0.2559070078125 0.861328125 0.22351372343749998 0.83984375 0.11985518749999999 0.83984375 0.048589934375 0.8212890640625 0.0388719515625 0.818359375 0.15224847187499999 0.798828125 0.3077362765625 0.798828125 0.385480178125 0.8125 0.7223704234375 0.8203125 0.7871570078125 0.83203125 0.8065929921875 0.84765625 0.7871570078125 0.841796875 0.385480178125 0.84765625 0.3012576265625 0.859375 0.2559070078125
0 0.9140625 0.2818216421875 0.89453125 0.2299923734375 0.89453125 0.145769821875 0.8759765640625 0.13605182968750001 0.869140625 0.1652057890625 0.87109375 0.2299923734375 0.849609375 0.3012576265625 0.84375 0.3725228625 0.84765625 0.74180640625 0.859375 0.9037728625 0.8857421859375 0.9523628046875 0.89453125 0.9491234796875 0.9150390640625 0.9070121953125 0.921875 0.8649009109374999 0.921875 0.3725228625 0.9140625 0.2818216421875
0 0.96484375 0.4761813984375 0.97265625 0.32717226093749996 0.970703125 0.2299923734375 0.962890625 0.1587271375 0.9453125 0.0809832359375 0.9453125 0.01619665 0.9404296859375 0.006478657812499999 0.923828125 0.01619665 0.923828125 0.0809832359375 0.90625 0.15224847187499999 0.8984375 0.2299923734375 0.91796875 0.294778959375 0.923828125 0.3725228625 0.923828125 0.8130716421875 0.931640625 0.8195503093750001 0.9404296859375 0.7903963421875 0.9541015640625 0.796875 0.962890625 0.7547637234375 0.96484375 0.4761813984375