0 0.2949218734375 0.23110525937499998 0.2636718734375 0.16893659375 0.2636718734375 0.1446097234375 0.2490234375 0.14055524531250002 0.2441406265625 0.1635306234375 0.25 0.16893659375 0.2265625 0.1986694328125 0.2109375 0.2500261578125 0.2089843734375 0.4473440984375 0.2109375 0.46896798281249996 0.2216796875 0.4838344015625 0.2373046875 0.491943359375 0.26953125 0.490591865625 0.2880859375 0.4838344015625 0.2988281265625 0.46896798281249996 0.3027343734375 0.2932739265625 0.2949218734375 0.23110525937499998
0 0.4082031265625 0.3311157234375 0.4082031265625 0.30408586875 0.3925781265625 0.2878679546875 0.3876953125 0.24867466562499999 0.3623046875 0.24867466562499999 0.3574218734375 0.28516496875 0.33984375 0.306788853125 0.35546875 0.374363490625 0.3378906265625 0.43112618593749996 0.3339843734375 0.47707693906250004 0.3525390625 0.48653738906250005 0.3964843734375 0.4851858953125 0.4140625 0.4797799234375 0.41015625 0.4230172296875 0.39453125 0.377066475 0.4082031265625 0.3311157234375
0 0.5058593734375 0.30138288125 0.48828125 0.266244071875 0.4902343734375 0.23921421718749997 0.4697265625 0.2351597359375 0.4667968734375 0.266244071875 0.44921875 0.2932739265625 0.453125 0.323006765625 0.4472656265625 0.45545305625 0.4580078125 0.4838344015625 0.4921875 0.4851858953125 0.5019531265625 0.47707693906250004 0.5078125 0.45275006875 0.5019531265625 0.323006765625 0.5058593734375 0.30138288125
0 0.6015625 0.1797485359375 0.6015625 0.1446097234375 0.5732421875 0.14055524531250002 0.5703125 0.1824515203125 0.5449218734375 0.25272914218750003 0.5488281265625 0.4635620109375 0.5712890625 0.48653738906250005 0.5917968734375 0.48788888124999996 0.6142578125 0.47842843281249997 0.625 0.45815604062500004 0.6269531265625 0.25272914218750003 0.6015625 0.1797485359375
0 0.7421875 0.3176007953125 0.7480468734375 0.30408586875 0.7421875 0.28516496875 0.7480468734375 0.25272914218750003 0.7441406265625 0.22299630312500002 0.7246093734375 0.1824515203125 0.7246093734375 0.15001569374999998 0.7001953125 0.1432582328125 0.6953125 0.14731270937500002 0.6953125 0.1824515203125 0.6777343734375 0.22029331718749998 0.6699218734375 0.2581351140625 0.6777343734375 0.2797589984375 0.671875 0.2932739265625 0.6777343734375 0.3176007953125 0.66796875 0.3473336359375 0.66796875 0.42031424375000004 0.6738281265625 0.4608590265625 0.6826171875 0.473022459375 0.7265625 0.47707693906250004 0.7421875 0.4662649984375 0.75 0.4230172296875 0.7519531265625 0.3500366203125 0.7421875 0.3176007953125
0 0.9111328125 0.0837925484375 0.8847656265625 0.0662231453125 0.8828125 0.0229753765625 0.8544921875 0.021623884375 0.84765625 0.0445992609375 0.8496093734375 0.0662231453125 0.8232421875 0.0837925484375 0.8046875 0.1094709125 0.7910156265625 0.15271868125000002 0.7890625 0.4608590265625 0.7910156265625 0.47707693906250004 0.8017578125 0.4838344015625 0.8369140625 0.491943359375 0.8964843734375 0.490591865625 0.9433593734375 0.47707693906250004 0.9433593734375 0.15271868125000002 0.9296875 0.1094709125 0.9111328125 0.0837925484375
0 0.1386718734375 0.869009834375 0.1328125 0.8473859515625 0.1386718734375 0.8311680375 0.1328125 0.8095441546875 0.1386718734375 0.793326240625 0.1328125 0.7717023578125 0.1386718734375 0.75548444375 0.1328125 0.736563546875 0.1386718734375 0.7068307046875 0.1328125 0.69872175 0.1269531265625 0.625741140625 0.09765625 0.5743844171875 0.09960937343750001 0.5554635171875 0.0869140625 0.548706053125 0.078125 0.5554635171875 0.08007812656249999 0.5743844171875 0.0527343734375 0.6176321859375 0.044921873437499996 0.69872175 0.037109373437499996 0.7122366765625 0.044921873437499996 0.7284545890625 0.037109373437499996 0.7500784734375 0.044921873437499996 0.7662963859375 0.037109373437499996 0.7879202703125 0.044921873437499996 0.8041381828124999 0.037109373437499996 0.8257620671874999 0.044921873437499996 0.8419799796874999 0.037109373437499996 0.8636038640624999 0.044921873437499996 0.8852277484375 0.037109373437499996 0.9014456609374999 0.0498046875 0.94874790625 0.0693359375 0.9568568640624999 0.10742187343750001 0.9555053703124999 0.1308593734375 0.944693428125 0.1386718734375 0.90685163125 0.1328125 0.8852277484375 0.1386718734375 0.869009834375
0 0.32421875 0.7122366765625 0.3076171875 0.68115234375 0.26953125 0.6635829375 0.2666015625 0.6135777046875 0.2353515625 0.6108747203125 0.2285156265625 0.62303815625 0.23046875 0.660879953125 0.1884765625 0.6838553296875001 0.1738281265625 0.7149396625 0.1738281265625 0.7338605609375 0.1816406265625 0.7473754890625 0.1738281265625 0.777108328125 0.1738281265625 0.94199044375 0.2119140625 0.9622628343749999 0.2734375 0.963614328125 0.32421875 0.944693428125 0.32421875 0.77440534375 0.31640625 0.75548444375 0.32421875 0.7122366765625
0 0.4550781265625 0.7852172859375 0.4316406265625 0.7419695171875 0.4355468734375 0.69872175 0.4277343734375 0.6879098078125 0.4277343734375 0.6662859234375 0.4228515625 0.6568254734375001 0.4091796875 0.6568254734375001 0.40234375 0.6716918953125 0.4042968734375 0.685206821875 0.3808593734375 0.7311575765625 0.3652343734375 0.7852172859375 0.3652343734375 0.8960396890625001 0.3798828125 0.946044921875 0.44140625 0.9500994 0.4550781265625 0.9392874578124999 0.4628906265625 0.90955461875 0.4667968734375 0.828465053125 0.4550781265625 0.7852172859375
0 0.5800781265625 0.7689993734375 0.58984375 0.7500784734375 0.58984375 0.6716918953125 0.5859375 0.641959053125 0.5625 0.6203351703125 0.5644531265625 0.585196359375 0.5361328125 0.5811418796875001 0.53515625 0.6203351703125 0.5097656265625 0.647365025 0.5078125 0.7500784734375 0.5175781265625 0.7689993734375 0.5078125 0.8095441546875 0.5078125 0.89063371875 0.5136718734375 0.9311785015625 0.5244140625 0.94874790625 0.5625 0.9528023859375001 0.5800781265625 0.9392874578124999 0.58984375 0.887930734375 0.5878906265625 0.7852172859375 0.5800781265625 0.7689993734375
0 0.7050781265625 0.69872175 0.69921875 0.563572475 0.6943359375 0.5541120265624999 0.6748046875 0.5541120265624999 0.6640625 0.69872175 0.640625 0.736563546875 0.6425781265625 0.944693428125 0.6611328125 0.9568568640624999 0.6953125 0.9582083578124999 0.7216796875 0.9514508921875 0.7265625 0.94199044375 0.7285156265625 0.736563546875 0.7050781265625 0.69872175
0 0.82421875 0.63925606875 0.82421875 0.60682024375 0.7939453125 0.6000627796875 0.7753906265625 0.7041277203125 0.7753906265625 0.94199044375 0.7880859375 0.9541538796875001 0.80859375 0.9582083578124999 0.83984375 0.9392874578124999 0.83203125 0.7798113140625 0.8359375 0.6960187640625 0.82421875 0.63925606875
0 0.95703125 0.7473754890625 0.9628906265625 0.6933157796875 0.9511718734375 0.641959053125 0.9316406265625 0.6176321859375 0.9316406265625 0.585196359375 0.9111328125 0.5811418796875001 0.91015625 0.6149291984375 0.890625 0.641959053125 0.8808593734375 0.677097865625 0.8808593734375 0.7149396625 0.88671875 0.7257516046875 0.8808593734375 0.75548444375 0.8808593734375 0.9311785015625 0.9091796875 0.9595598484375 0.9355468734375 0.9582083578124999 0.9541015625 0.94874790625 0.9628906265625 0.92577253125 0.9628906265625 0.7689993734375 0.95703125 0.7473754890625