0 0.914453125 0.751105178125 0.930078125 0.7057545765625 0.93984375 0.634489325 0.9359375 0.2068978609375 0.926171875 0.0838033578125 0.9001976109375001 0.0359375 0.8978400734375 0.0359375 0.891015625 0.038452739062500005 0.863671875 0.1097179921875 0.8625 0.41291921093750006 0.8625 0.6228277484375 0.86953125 0.692797259375 0.8890625 0.751105178125 0.8890625 0.8288490812499999 0.9076171890625 0.8450457312499999 0.914453125 0.8353277468750001 0.914453125 0.751105178125
0 0.8615234375 0.9583079218749999 0.8615234375 0.8935213359375 0.8810546875 0.815777434375 0.8849609375 0.763948165625 0.8849609375 0.7445121984374999 0.8673828125 0.6926829296875 0.8615234375 0.6473323125 0.8615234375 0.1808688984375 0.8587660828124999 0.165625 0.8565831734374999 0.165625 0.8517578125 0.16791157968749998 0.8429687484375 0.19706554999999998 0.8292968765625 0.190586890625 0.8224609375 0.232698165625 0.8205078125 0.48536585624999995 0.8140625 0.62967796875 0.8140625 0.6920350578125001 0.8185546875 0.7963414671875 0.8400390625 0.8935213359375 0.8380859375 0.9518292718750001 0.8429687484375 0.974504571875 0.8566406265625 0.974504571875 0.8615234375 0.9583079218749999
0 0.943359375 0.9313833796875001 0.9619140640625 0.9411013718750001 0.966796875 0.8795541109375 0.96484375 0.8277248437500001 0.984375 0.6787157046875001 0.984375 0.5944931359375001 0.970703125 0.2576028921875 0.9582253546875 0.184375 0.9537741390625 0.184375 0.947265625 0.1863376578125 0.935546875 0.2057736234375 0.94140625 0.6268864359374999 0.921875 0.749980940625 0.94140625 0.8406821609374999 0.943359375 0.9313833796875001
0 0.7259765625 0.7247332265625 0.7318359375 0.6145960406250001 0.7162109375 0.2517911625 0.7083984375 0.19348322812500002 0.703768384375 0.178125 0.7012408046874999 0.178125 0.6947265625 0.180525909375 0.6830078125 0.19348322812500002 0.6869140625 0.6145960406250001 0.6849609375 0.653467990625 0.66875 0.737114671875 0.66875 0.7505182968749999 0.6869140625 0.8348704296875 0.6888671875 0.92557165 0.7054687484375 0.9417682921875 0.7103515625 0.9320503 0.7103515625 0.8283917640625 0.7259765625 0.7247332265625
0 0.6595703125 0.7444550359375001 0.6751953125 0.6991044171875 0.6849609375 0.6278391812499999 0.6810546875 0.180811734375 0.6732421875 0.090110515625 0.6644531265625 0.06095655625 0.6371138375000001 0.0328125 0.6356409984375 0.0328125 0.6156249984375 0.0739138734375 0.6068359375 0.1225038171875 0.60625 0.25078125625 0.60625 0.572770584375 0.6126953125 0.67966845 0.6341796875 0.7509336859375 0.6341796875 0.8221989375 0.6390624984375 0.8383955796875 0.6566406265625 0.8383955796875 0.6595703125 0.7444550359375001
0 0.6068359375 0.8868711953125 0.6224609375 0.8285632609375 0.6302734375 0.763776675 0.6302734375 0.7378620406249999 0.6126953125 0.6925114390625 0.6068359375 0.6342035046875 0.6048828125 0.1677400890625 0.6001436078125 0.1625 0.598567071875 0.1625 0.5882812484375 0.1904153984375 0.5765624984375 0.183936740625 0.5677734375 0.21956935781250003 0.5638671875 0.537023634375 0.559375 0.6065612359375 0.559375 0.722961128125 0.5599609375 0.763776675 0.5697265625 0.8350419265625 0.5833984375 0.8868711953125 0.5863281265625 0.9678544234374999 0.6048828125 0.9646150984374999 0.6068359375 0.8868711953125
0 0.48203125 0.6080602109375 0.468359375 0.34891386875 0.468359375 0.2646913171875 0.45859375 0.18694741406249998 0.44958926562499996 0.175 0.44801624218749997 0.175 0.433203125 0.1934260640625 0.4390625 0.5756669265625 0.43515625 0.6598894796875 0.4203125 0.7522103718750001 0.4203125 0.7606974140625 0.4390625 0.847770584375 0.441015625 0.9319931374999999 0.4595703109375 0.9417111296874999 0.460546875 0.84129191875 0.480078125 0.6987614296875 0.48203125 0.6080602109375
0 0.4294921875 0.6925686 0.4373046875 0.5953887140624999 0.4333984375 0.2261051859375 0.4236328125 0.0835746984375 0.3959200671875 0.0296875 0.39281939375 0.0296875 0.3884765625 0.0317454296875 0.3630859375 0.0900533484375 0.3578125 0.154192075 0.3578125 0.57822026875 0.3650390625 0.6860899328125 0.3865234375 0.7508765187499999 0.3865234375 0.828620421875 0.4089843734375 0.8383384125 0.4099609375 0.7508765187499999 0.4294921875 0.6925686
0 0.3591796875 0.8869855234375 0.3767578125 0.8221989375 0.3826171875 0.757412353125 0.3630859375 0.6861471 0.3572265625 0.6213605156249999 0.3572265625 0.1678544171875 0.3523839578125 0.1625 0.35095294843749997 0.1625 0.3406250015625 0.1905297265625 0.3289062515625 0.18405106875 0.3201171875 0.21968368593749998 0.3162109375 0.5371379625 0.3109375 0.6245998453125 0.3109375 0.7438071609375 0.3181640625 0.815720271875 0.3357421875 0.8934641734375001 0.3357421875 0.9647294265624999 0.3406250015625 0.974447409375 0.3572265625 0.9647294265624999 0.3591796875 0.8869855234375
0 0.1678308859375 0.19375 0.167241109375 0.19375 0.151953125 0.21276677031250002 0.1578125 0.6144436 0.151953125 0.6986661515625 0.140234375 0.7440167703125 0.1390625 0.763452740625 0.1390625 0.78017945625 0.159765625 0.8800685906249999 0.159765625 0.95133384375 0.178102025 0.9609375 0.178323265625 0.9609375 0.18125 0.84767530625 0.20078125 0.6921875015625 0.20078125 0.6144436 0.187109375 0.27755335468750003 0.179296875 0.21276677031250002 0.1678308859375 0.19375
0 0.12890625 0.770331559375 0.150390625 0.69906630625 0.15625 0.6278010703125 0.15234375 0.25851752656250004 0.140625 0.0965510703125 0.114516315625 0.0484375 0.112965303125 0.0484375 0.10546875 0.051200453125 0.08496093593750001 0.0933117375 0.078125 0.135423021875 0.078125 0.6278010703125 0.0859375 0.718502290625 0.10546875 0.770331559375 0.10546875 0.8545541109375 0.12402343593750001 0.864272103125 0.130859375 0.8351181437499999 0.12890625 0.770331559375
0 0.07578125 0.984070115625 0.07578125 0.9192835296874999 0.093359375 0.84801829375 0.101171875 0.7702743921875 0.081640625 0.7054878062500001 0.07578125 0.6277439031250001 0.07578125 0.1871951234375 0.068612140625 0.18125 0.0678079015625 0.18125 0.0591796890625 0.2098704234375 0.0455078109375 0.203391765625 0.03671875 0.24550304218750002 0.034765625 0.5240853671875 0.028125 0.6507431359375 0.028125 0.7314024375 0.02890625 0.7702743921875 0.03671875 0.841539628125 0.054296875 0.9192835296874999 0.054296875 0.984070115625 0.0591796890625 0.9937881078125 0.07578125 0.984070115625