3 0.892578125 0.38853733749999997 0.857421875 0.34446444375 0.861328125 0.314309309375 0.861328125 0.302711178125 0.857421875 0.300391553125 0.857421875 0.2655971640625 0.8525390625 0.262117725 0.7978515625 0.2644373515625 0.794921875 0.2748756671875 0.796875 0.300391553125 0.791015625 0.30967005625 0.791015625 0.3212681859375 0.796875 0.335185940625 0.794921875 0.3537429484375 0.798828125 0.39317658906249997 0.7890625 0.40941396875 0.78515625 0.432610228125 0.8125 0.43724947968750005 0.826171875 0.50683825625 0.82421875 0.5555504015625 0.8271484375 0.5590298390624999 0.904296875 0.560189653125 0.908203125 0.5346737671875 0.908203125 0.43956910625 0.90234375 0.411733596875 0.892578125 0.38853733749999997
3 0.7042857140625001 0.351204615625 0.7928571437499999 0.3461146921875 0.77714285625 0.2765524265625 0.7857142859375 0.249406175 0.77714285625 0.2086868 0.71285714375 0.20529351875000001 0.7085714296875001 0.2527994578125 0.72 0.26976586406249997 0.7042857140625001 0.351204615625
3 0.20285714375000002 0.3240583640625 0.1942857140625 0.2969121140625 0.1914285703125 0.2714625046875 0.1285714296875 0.26637258125 0.1257142859375 0.27824906718750003 0.1257142859375 0.3003053953125 0.11857142968750001 0.3410247703125 0.08428571406249999 0.4343400078125 0.23571428593750002 0.43773328906250003 0.24428571406250002 0.44791313125 0.1957142859375 0.3461146921875 0.20285714375000002 0.3240583640625
3 0.20428571406249998 0.25110281562500003 0.20285714375000002 0.2816423484375 0.20428571406249998 0.3087885984375 0.1957142859375 0.347811334375 0.3314285703125 0.3579911765625 0.27999999999999997 0.3087885984375 0.26714285625 0.24601289375 0.20428571406249998 0.25110281562500003
3 0.43 0.16118086250000002 0.3657142859375 0.166270784375 0.37 0.183237190625 0.36285714375 0.220563284375 0.37 0.24601289375 0.3342857140625 0.3444180515625 0.46714285625 0.3579911765625 0.4357142859375 0.25449609687499997 0.4385714296875 0.21717000312499998 0.43 0.16118086250000002
3 0.62714285625 0.3325415671875 0.5842857140625 0.25110281562500003 0.59285714375 0.18493383125 0.51714285625 0.18154055 0.50285714375 0.2358330515625 0.51 0.28503562968749996 0.48 0.3291482859375 0.62714285625 0.3325415671875
3 0.6785714296875 0.230743128125 0.67285714375 0.176450628125 0.6142857140625 0.1883271125 0.6085714296875 0.2935188328125 0.62285714375 0.3359348484375 0.6900000000000001 0.33763148906249996 0.6785714296875 0.230743128125
0 0.91428 0.771971496875 0.74714 0.771971496875 0.74714 0.8873396671875 0.91428 0.8873396671875 0.91428 0.771971496875
0 0.635715 0.72954869375 0.464285 0.72954869375 0.464285 0.8992161515625 0.635715 0.8992161515625 0.635715 0.72954869375
0 0.47000000000000003 0.7244655578125 0.31714000000000003 0.7244655578125 0.31714000000000003 0.8907363421875001 0.47000000000000003 0.8907363421875001 0.47000000000000003 0.7244655578125
0 0.24857 0.7634857484375 0.06856999999999999 0.7634857484375 0.06856999999999999 0.9009085515624999 0.24857 0.9009085515624999 0.24857 0.7634857484375
0 0.7228600000000001 0.6871437046875 0.62572 0.6871437046875 0.62572 0.8788657953125 0.7228600000000001 0.8788657953125 0.7228600000000001 0.6871437046875
0 0.32571 0.690528503125 0.23857 0.690528503125 0.23857 0.873770784375 0.32571 0.873770784375 0.32571 0.690528503125