3 0.8580078125 0.2998264921875 0.8580078125 0.265032103125 0.853125 0.2615526640625 0.7984375 0.263872290625 0.7955078125 0.27431060625 0.7974609375 0.2998264921875 0.7916015625 0.3091049953125 0.7916015625 0.320703125 0.7974609375 0.3346208796875 0.7955078125 0.3531778875 0.7994140625 0.392611528125 0.7896484375 0.4088489078125 0.7857421875 0.4320451671875 0.8130859375 0.43668441874999997 0.8267578125 0.5062731953124999 0.8248046875 0.5549853406249999 0.827734375 0.5584647781250001 0.8882804546875 0.559375 0.9049210234375 0.559375 0.9078125 0.540487678125 0.9078125 0.43436479375000003 0.9029296875 0.41116853593749997 0.8931640625 0.3879722765625 0.8580078125 0.3438993828125 0.8619140625 0.31374424843750004 0.8619140625 0.3021461171875 0.8580078125 0.2998264921875
3 0.7201339296875 0.26988993125 0.7046875 0.3499405265625 0.7046875 0.351313290625 0.7921875 0.3462849375 0.7921875 0.342681596875 0.7772767843749999 0.27667649375000003 0.785848215625 0.2495302421875 0.7772767843749999 0.20881086718750003 0.712991071875 0.20541758593749998 0.708705359375 0.25292352500000004 0.7201339296875 0.26988993125
3 0.12593749999999998 0.27836067343750004 0.12593749999999998 0.3004170015625 0.11879464375 0.3411363765625 0.08450892812500001 0.4344516140625 0.2359375 0.4378448953125 0.24375 0.4471233984375 0.24375 0.4464341375 0.19593750000000001 0.3462262984375 0.2030803578125 0.3241699703125 0.194508928125 0.2970237203125 0.191651784375 0.2715741109375 0.12879464375 0.2664841875 0.12593749999999998 0.27836067343750004
3 0.1960044640625 0.34825086875 0.323476965625 0.3578125 0.33107256875 0.3578125 0.280290178125 0.3092281328125 0.267433034375 0.246452428125 0.2045758921875 0.25154234999999997 0.203147321875 0.2820818828125 0.2045758921875 0.3092281328125 0.1960044640625 0.34825086875
3 0.36993303593750004 0.183448209375 0.3627901796875 0.2207743046875 0.36993303593750004 0.2462239125 0.33421875 0.3446290703125 0.46326145625 0.3578125 0.465625 0.3578125 0.465625 0.3534243703125 0.435647321875 0.254707115625 0.438504465625 0.217381021875 0.42993303593750004 0.1613918828125 0.365647321875 0.1664818046875 0.36993303593750004 0.183448209375
3 0.48044642812499994 0.3291580953125 0.6265625 0.33252769843749996 0.6265625 0.3306002421875 0.5847321421875 0.251112625 0.593303571875 0.184943640625 0.517589284375 0.181550359375 0.503303571875 0.2358428609375 0.5104464281250001 0.2850454375 0.48044642812499994 0.3291580953125
3 0.6786383953125 0.2307529375 0.6729348515625 0.1765625 0.672420765625 0.1765625 0.6143526796875001 0.188336921875 0.6086383953125 0.29352864218749997 0.622924109375 0.3359446578125 0.6844752781250001 0.3375 0.6900518578125 0.3375 0.6786383953125 0.2307529375
0 0.74738125 0.7719395796875 0.74738125 0.8859375 0.9140625 0.8859375 0.9140625 0.7719395796875 0.74738125 0.7719395796875
0 0.464285 0.7298686171875 0.464285 0.8984375 0.635715 0.8984375 0.635715 0.7298686171875 0.464285 0.7298686171875
0 0.31696 0.7242540078124999 0.31696 0.8890625 0.46875 0.8890625 0.46875 0.7242540078124999 0.31696 0.7242540078124999
0 0.06854625 0.7628703984375 0.06854625 0.9 0.246875 0.9 0.246875 0.7628703984375 0.06854625 0.7628703984375
0 0.72293125 0.878125 0.72293125 0.6875 0.62579125 0.6875 0.62579125 0.878125 0.72293125 0.878125
0 0.325 0.6906468968749999 0.2390625 0.6906468968749999 0.2390625 0.8734375 0.325 0.8734375 0.325 0.6906468968749999