3 0.2998264921875 0.1419921875 0.265032103125 0.1419921875 0.2615526640625 0.146875 0.263872290625 0.2015625 0.27431060625 0.2044921875 0.2998264921875 0.2025390625 0.3091049953125 0.2083984375 0.320703125 0.2083984375 0.3346208796875 0.2025390625 0.3531778875 0.2044921875 0.392611528125 0.2005859375 0.4088489078125 0.2103515625 0.4320451671875 0.2142578125 0.43668441874999997 0.1869140625 0.5062731953124999 0.1732421875 0.5549853406249999 0.1751953125 0.5584647781250001 0.172265625 0.559375 0.11171954531249999 0.559375 0.0950789765625 0.540487678125 0.0921875 0.43436479375000003 0.0921875 0.41116853593749997 0.0970703125 0.3879722765625 0.1068359375 0.3438993828125 0.1419921875 0.31374424843750004 0.1380859375 0.3021461171875 0.1380859375 0.2998264921875 0.1419921875
3 0.26988993125 0.2798660703125 0.3499405265625 0.2953125 0.351313290625 0.2953125 0.3462849375 0.2078125 0.342681596875 0.2078125 0.27667649375000003 0.222723215625 0.2495302421875 0.214151784375 0.20881086718750003 0.222723215625 0.20541758593749998 0.287008928125 0.25292352500000004 0.291294640625 0.26988993125 0.2798660703125
3 0.27836067343750004 0.8740625 0.3004170015625 0.8740625 0.3411363765625 0.88120535625 0.4344516140625 0.9154910718749999 0.4378448953125 0.7640625 0.4471233984375 0.75625 0.4464341375 0.75625 0.3462262984375 0.8040625 0.3241699703125 0.7969196421875 0.2970237203125 0.8054910718749999 0.2715741109375 0.8083482156249999 0.2664841875 0.87120535625 0.27836067343750004 0.8740625
3 0.34825086875 0.8039955359375 0.3578125 0.6765230343749999 0.3578125 0.66892743125 0.3092281328125 0.719709821875 0.246452428125 0.732566965625 0.25154234999999997 0.7954241078125001 0.2820818828125 0.7968526781249999 0.3092281328125 0.7954241078125001 0.34825086875 0.8039955359375
3 0.183448209375 0.6300669640625001 0.2207743046875 0.6372098203125 0.2462239125 0.6300669640625001 0.3446290703125 0.66578125 0.3578125 0.5367385437500001 0.3578125 0.534375 0.3534243703125 0.534375 0.254707115625 0.564352678125 0.217381021875 0.561495534375 0.1613918828125 0.5700669640625 0.1664818046875 0.634352678125 0.183448209375 0.6300669640625001
3 0.3291580953125 0.5195535718750001 0.33252769843749996 0.3734375 0.3306002421875 0.3734375 0.251112625 0.41526785781250003 0.184943640625 0.40669642812499995 0.181550359375 0.48241071562500004 0.2358428609375 0.49669642812500003 0.2850454375 0.489553571875 0.3291580953125 0.5195535718750001
3 0.2307529375 0.32136160468749997 0.1765625 0.3270651484375 0.1765625 0.32757923437500003 0.188336921875 0.38564732031250004 0.29352864218749997 0.39136160468750003 0.3359446578125 0.377075890625 0.3375 0.315524721875 0.3375 0.3099481421875 0.2307529375 0.32136160468749997
0 0.7719395796875 0.25261875 0.8859375 0.25261875 0.8859375 0.0859375 0.7719395796875 0.0859375 0.7719395796875 0.25261875
0 0.7298686171875 0.5357149999999999 0.8984375 0.5357149999999999 0.8984375 0.364285 0.7298686171875 0.364285 0.7298686171875 0.5357149999999999
0 0.7242540078124999 0.68304 0.8890625 0.68304 0.8890625 0.53125 0.7242540078124999 0.53125 0.7242540078124999 0.68304
0 0.7628703984375 0.93145375 0.9 0.93145375 0.9 0.753125 0.7628703984375 0.753125 0.7628703984375 0.93145375
0 0.878125 0.27706875000000003 0.6875 0.27706875000000003 0.6875 0.37420875 0.878125 0.37420875 0.878125 0.27706875000000003
0 0.6906468968749999 0.675 0.6906468968749999 0.7609375 0.8734375 0.7609375 0.8734375 0.675 0.6906468968749999 0.675