3 0.6182732390625 0.914853965625 0.6182732390625 0.7375 0.5109375 0.7375 0.5109375 0.914853965625 0.6182732390625 0.914853965625
3 0.751951121875 0.8426774359375001 0.751951121875 0.6265625 0.6609375 0.6265625 0.6609375 0.8426774359375001 0.751951121875 0.8426774359375001
3 0.8273637828125 0.6663128015625001 0.8273637828125 0.4640625 0.728125 0.4640625 0.728125 0.6663128015625001 0.8273637828125 0.6663128015625001
3 0.9352203515624999 0.6848615328125 0.9352203515624999 0.3359375 0.828125 0.3359375 0.828125 0.6848615328125 0.9352203515624999 0.6848615328125
3 0.7101241984375 0.5174254703125001 0.60625 0.5174254703125001 0.60625 0.6402099734375 0.7101241984375 0.6402099734375 0.7101241984375 0.5174254703125001
3 0.630733175 0.6230179328125 0.630733175 0.4890625 0.5078125 0.4890625 0.5078125 0.6230179328125 0.630733175 0.6230179328125
3 0.5298237171875 0.6088044796875 0.5298237171875 0.478125 0.378125 0.478125 0.378125 0.6088044796875 0.5298237171875 0.6088044796875
3 0.4999599359375 0.8718258171875 0.4999599359375 0.6875 0.3828125 0.6875 0.3828125 0.8718258171875 0.4999599359375 0.8718258171875
3 0.38187900625000004 0.8776944609375 0.38187900625000004 0.696875 0.271875 0.696875 0.271875 0.8776944609375 0.38187900625000004 0.8776944609375
3 0.26356570625 0.9147597609375 0.26356570625 0.7515625 0.1421875 0.7515625 0.1421875 0.9147597609375 0.26356570625 0.9147597609375
3 0.17939903906250002 0.723454525 0.17939903906250002 0.5859375 0.065625 0.5859375 0.065625 0.723454525 0.17939903906250002 0.723454525
3 0.280392628125 0.6365125593750001 0.280392628125 0.515625 0.190625 0.515625 0.190625 0.6365125593750001 0.280392628125 0.6365125593750001
3 0.3702003203125 0.655491828125 0.3702003203125 0.5125 0.2828125 0.5125 0.2828125 0.655491828125 0.3702003203125 0.655491828125
0 0.2972596140625 0.16683149218749999 0.2972596140625 0.096875 0.1671875 0.096875 0.1671875 0.16683149218749999 0.2972596140625 0.16683149218749999
0 0.181734775 0.25477565156250004 0.181734775 0.1484375 0.059375 0.1484375 0.059375 0.25477565156250004 0.181734775 0.25477565156250004
0 0.3821794875 0.2490477453125 0.3821794875 0.1578125 0.2953125 0.1578125 0.2953125 0.2490477453125 0.3821794875 0.2490477453125
0 0.5290905453125 0.19069120781249999 0.5290905453125 0.08125 0.35625 0.08125 0.35625 0.19069120781249999 0.5290905453125 0.19069120781249999
0 0.641702725 0.20606159062499999 0.641702725 0.109375 0.5192187500000001 0.109375 0.5192187500000001 0.20606159062499999 0.641702725 0.20606159062499999
0 0.7038060890625 0.240887559375 0.7038060890625 0.1453125 0.6328125 0.1453125 0.6328125 0.240887559375 0.7038060890625 0.240887559375
0 0.851278046875 0.2200923125 0.851278046875 0.1 0.6828125 0.1 0.6828125 0.2200923125 0.851278046875 0.2200923125
0 0.9573397437500001 0.2817584734375 0.9573397437500001 0.1546875 0.8390625 0.1546875 0.8390625 0.2817584734375 0.9573397437500001 0.2817584734375