3 0.489919871875 0.08475786874999999 0.38232371718749997 0.08475786874999999 0.38232371718749997 0.2628934625 0.489919871875 0.2628934625 0.489919871875 0.08475786874999999
3 0.3399679484375 0.15738498750000002 0.2483974359375 0.15738498750000002 0.2483974359375 0.3753026640625 0.3399679484375 0.3753026640625 0.3399679484375 0.15738498750000002
3 0.27358974375 0.333789346875 0.1728525640625 0.333789346875 0.1728525640625 0.53788135625 0.27358974375 0.53788135625 0.27358974375 0.333789346875
3 0.1728525640625 0.31475786875 0.0652564109375 0.31475786875 0.0652564109375 0.6641283296875 0.1728525640625 0.6641283296875 0.1728525640625 0.31475786875
3 0.393766025 0.3597457625 0.28959935937500003 0.3597457625 0.28959935937500003 0.482530265625 0.393766025 0.482530265625 0.393766025 0.3597457625
3 0.493365384375 0.3770338984375 0.3697435890625 0.3770338984375 0.3697435890625 0.5119249390625 0.493365384375 0.5119249390625 0.493365384375 0.3770338984375
3 0.6227083328125 0.3908595640625 0.47046474375 0.3908595640625 0.47046474375 0.5223123484375 0.6227083328125 0.5223123484375 0.6227083328125 0.3908595640625
3 0.6181330125 0.1279782078125 0.5002323718749999 0.1279782078125 0.5002323718749999 0.31303874062500003 0.6181330125 0.31303874062500003 0.6181330125 0.1279782078125
3 0.7303044875 0.122784503125 0.618125 0.122784503125 0.618125 0.3043825671875 0.7303044875 0.3043825671875 0.7303044875 0.122784503125
3 0.858517628125 0.0847457625 0.736033653125 0.0847457625 0.736033653125 0.24905569062500002 0.858517628125 0.24905569062500002 0.858517628125 0.0847457625
3 0.935216346875 0.276731234375 0.8207451921875 0.276731234375 0.8207451921875 0.41508474531250006 0.935216346875 0.41508474531250006 0.935216346875 0.276731234375
3 0.8104407046875 0.3631961265625 0.7200080125 0.3631961265625 0.7200080125 0.48426150156250003 0.8104407046875 0.48426150156250003 0.8104407046875 0.3631961265625
3 0.717724359375 0.3441767546875 0.6295833328125 0.3441767546875 0.6295833328125 0.487736078125 0.717724359375 0.487736078125 0.717724359375 0.3441767546875
0 0.8344711531250001 0.8336198546875 0.7028365390625 0.8336198546875 0.7028365390625 0.9045399515625 0.8344711531250001 0.9045399515625 0.8344711531250001 0.8336198546875
0 0.9420833328124999 0.745411621875 0.8184615390625 0.745411621875 0.8184615390625 0.85265133125 0.9420833328124999 0.85265133125 0.9420833328124999 0.745411621875
0 0.706266025 0.7506053265625 0.618125 0.7506053265625 0.618125 0.8422760296874999 0.706266025 0.8422760296874999 0.706266025 0.7506053265625
0 0.644463140625 0.8094067796875001 0.47047275624999996 0.8094067796875001 0.47047275624999996 0.9200847453125001 0.644463140625 0.9200847453125001 0.644463140625 0.8094067796875001
0 0.48077724374999997 0.7938498796875 0.35829326875 0.7938498796875 0.35829326875 0.8907021796875 0.48077724374999997 0.8907021796875 0.48077724374999997 0.7938498796875
0 0.36858974375 0.7592493953125 0.296474359375 0.7592493953125 0.296474359375 0.8561016953125 0.36858974375 0.8561016953125 0.36858974375 0.7592493953125
0 0.318213140625 0.78 0.14880608906249998 0.78 0.14880608906249998 0.901065375 0.318213140625 0.901065375 0.318213140625 0.78
0 0.16140224375 0.717748184375 0.04234775625 0.717748184375 0.04234775625 0.8457384984375 0.16140224375 0.8457384984375 0.16140224375 0.717748184375