3 0.914853965625 0.3817267609375 0.7375 0.3817267609375 0.7375 0.4890625 0.914853965625 0.4890625 0.914853965625 0.3817267609375
3 0.8426774359375001 0.248048878125 0.6265625 0.248048878125 0.6265625 0.3390625 0.8426774359375001 0.3390625 0.8426774359375001 0.248048878125
3 0.6663128015625001 0.1726362171875 0.4640625 0.1726362171875 0.4640625 0.271875 0.6663128015625001 0.271875 0.6663128015625001 0.1726362171875
3 0.6848615328125 0.0647796484375 0.3359375 0.0647796484375 0.3359375 0.171875 0.6848615328125 0.171875 0.6848615328125 0.0647796484375
3 0.5174254703125001 0.2898758015625 0.5174254703125001 0.39375 0.6402099734375 0.39375 0.6402099734375 0.2898758015625 0.5174254703125001 0.2898758015625
3 0.6230179328125 0.369266825 0.4890625 0.369266825 0.4890625 0.4921875 0.6230179328125 0.4921875 0.6230179328125 0.369266825
3 0.6088044796875 0.4701762828125 0.478125 0.4701762828125 0.478125 0.621875 0.6088044796875 0.621875 0.6088044796875 0.4701762828125
3 0.8718258171875 0.5000400640625 0.6875 0.5000400640625 0.6875 0.6171875 0.8718258171875 0.6171875 0.8718258171875 0.5000400640625
3 0.8776944609375 0.6181209937500001 0.696875 0.6181209937500001 0.696875 0.728125 0.8776944609375 0.728125 0.8776944609375 0.6181209937500001
3 0.9147597609375 0.73643429375 0.7515625 0.73643429375 0.7515625 0.8578125 0.9147597609375 0.8578125 0.9147597609375 0.73643429375
3 0.723454525 0.8206009609375 0.5859375 0.8206009609375 0.5859375 0.934375 0.723454525 0.934375 0.723454525 0.8206009609375
3 0.6365125593750001 0.719607371875 0.515625 0.719607371875 0.515625 0.809375 0.6365125593750001 0.809375 0.6365125593750001 0.719607371875
3 0.655491828125 0.6297996796875001 0.5125 0.6297996796875001 0.5125 0.7171875 0.655491828125 0.7171875 0.655491828125 0.6297996796875001
0 0.16683149218749999 0.7027403859375 0.096875 0.7027403859375 0.096875 0.8328125 0.16683149218749999 0.8328125 0.16683149218749999 0.7027403859375
0 0.25477565156250004 0.818265225 0.1484375 0.818265225 0.1484375 0.940625 0.25477565156250004 0.940625 0.25477565156250004 0.818265225
0 0.2490477453125 0.6178205125 0.1578125 0.6178205125 0.1578125 0.7046875 0.2490477453125 0.7046875 0.2490477453125 0.6178205125
0 0.19069120781249999 0.4709094546875 0.08125 0.4709094546875 0.08125 0.64375 0.19069120781249999 0.64375 0.19069120781249999 0.4709094546875
0 0.20606159062499999 0.358297275 0.109375 0.358297275 0.109375 0.48078125 0.20606159062499999 0.48078125 0.20606159062499999 0.358297275
0 0.240887559375 0.29619391093749997 0.1453125 0.29619391093749997 0.1453125 0.3671875 0.240887559375 0.3671875 0.240887559375 0.29619391093749997
0 0.2200923125 0.148721953125 0.1 0.148721953125 0.1 0.3171875 0.2200923125 0.3171875 0.2200923125 0.148721953125
0 0.2817584734375 0.04266025625 0.1546875 0.04266025625 0.1546875 0.1609375 0.2817584734375 0.1609375 0.2817584734375 0.04266025625