3 0.4482421875 0.3984375 0.4755859375 0.408203125 0.501953125 0.4287109375 0.501953125 0.4111328125 0.4921875 0.3623046875 0.466796875 0.3037109375 0.4296875 0.2470703125 0.4375 0.2373046875 0.4375 0.2294921875 0.42578125 0.2158203125 0.421875 0.1826171875 0.4111328125 0.173828125 0.3798828125 0.171875 0.3701171875 0.173828125 0.361328125 0.1826171875 0.359375 0.2177734375 0.349609375 0.2255859375 0.349609375 0.2333984375 0.357421875 0.2470703125 0.326171875 0.2939453125 0.302734375 0.3466796875 0.29296875 0.3994140625 0.29296875 0.4306640625 0.296875 0.4306640625 0.3232421875 0.40625 0.3720703125 0.392578125 0.4169921875 0.392578125 0.4482421875 0.3984375
3 0.677734375 0.2666015625 0.677734375 0.2568359375 0.685546875 0.2490234375 0.685546875 0.2431640625 0.677734375 0.2333984375 0.6796875 0.1982421875 0.6748046875 0.189453125 0.6650390625 0.185546875 0.6259765625 0.18359375 0.6171875 0.1923828125 0.611328125 0.2255859375 0.59765625 0.2353515625 0.60546875 0.2529296875 0.5703125 0.2900390625 0.541015625 0.3330078125 0.517578125 0.3896484375 0.513671875 0.4091796875 0.5185546875 0.412109375 0.5458984375 0.3984375 0.5830078125 0.392578125 0.6357421875 0.3984375 0.6611328125 0.40625 0.6962890625 0.423828125 0.71484375 0.4501953125 0.71875 0.4384765625 0.716796875 0.3779296875 0.705078125 0.3251953125 0.677734375 0.2666015625
3 0.57421875 0.2060546875 0.55859375 0.1728515625 0.56640625 0.1552734375 0.55859375 0.1474609375 0.5556640625 0.126953125 0.51171875 0.1279296875 0.509765625 0.1455078125 0.498046875 0.1533203125 0.505859375 0.1689453125 0.466796875 0.2294921875 0.451171875 0.2744140625 0.486328125 0.3408203125 0.505859375 0.4169921875 0.525390625 0.3603515625 0.541015625 0.3291015625 0.58984375 0.2626953125 0.57421875 0.2060546875
3 0.859375 0.1962890625 0.859375 0.1904296875 0.8671875 0.1826171875 0.86328125 0.1748046875 0.8671875 0.1435546875 0.8564453125 0.13671875 0.8271484375 0.134765625 0.8203125 0.1435546875 0.814453125 0.1650390625 0.8046875 0.1708984375 0.8046875 0.1884765625 0.7744140625 0.21484375 0.75 0.2431640625 0.72265625 0.2958984375 0.7314453125 0.296875 0.7353515625 0.3046875 0.7802734375 0.3046875 0.8212890625 0.3125 0.869140625 0.3349609375 0.880859375 0.3212890625 0.880859375 0.2705078125 0.873046875 0.2294921875 0.859375 0.1962890625
3 0.984375 0.2255859375 0.96875 0.2353515625 0.96875 0.2529296875 0.9111328125 0.296875 0.884765625 0.3251953125 0.87109375 0.3603515625 0.845703125 0.3818359375 0.837890625 0.4013671875 0.83984375 0.4189453125 0.8740234375 0.44921875 0.9248046875 0.470703125 0.98828125 0.4794921875 1 0.4775390625 0.9990234375 0.201171875 0.994140625 0.2041015625 0.984375 0.2255859375
3 0.2373046875 0.27734375 0.2861328125 0.27734375 0.3251953125 0.287109375 0.3359375 0.2724609375 0.326171875 0.2373046875 0.3125 0.2099609375 0.26953125 0.1533203125 0.2734375 0.1376953125 0.2607421875 0.126953125 0.2177734375 0.126953125 0.205078125 0.1357421875 0.212890625 0.1474609375 0.212890625 0.1552734375 0.1875 0.2021484375 0.173828125 0.2587890625 0.173828125 0.3056640625 0.1796875 0.3134765625 0.181640625 0.3056640625 0.1943359375 0.291015625 0.2177734375 0.28125 0.2373046875 0.27734375
3 0.43359375 0.1416015625 0.4189453125 0.125 0.3623046875 0.126953125 0.341796875 0.1669921875 0.330078125 0.2080078125 0.328125 0.2392578125 0.3359375 0.2646484375 0.3408203125 0.267578125 0.35546875 0.2470703125 0.345703125 0.2275390625 0.357421875 0.2177734375 0.361328125 0.1787109375 0.3662109375 0.173828125 0.3955078125 0.169921875 0.4150390625 0.173828125 0.42578125 0.1845703125 0.427734375 0.2177734375 0.44140625 0.2314453125 0.431640625 0.2490234375 0.4453125 0.2685546875 0.451171875 0.2705078125 0.462890625 0.2412109375 0.462890625 0.2275390625 0.455078125 0.1904296875 0.43359375 0.1416015625
3 0.2060546875 0.125 0.1396484375 0.125 0.125 0.1552734375 0.12109375 0.1923828125 0.1240234375 0.1953125 0.1728515625 0.197265625 0.166015625 0.2080078125 0.181640625 0.2099609375 0.212890625 0.1513671875 0.203125 0.1396484375 0.2109375 0.1279296875 0.2060546875 0.125
3 0.7607421875 0.126953125 0.7119140625 0.125 0.6953125 0.1416015625 0.673828125 0.1767578125 0.681640625 0.1982421875 0.681640625 0.2119140625 0.7216796875 0.212890625 0.7470703125 0.21875 0.7568359375 0.224609375 0.763671875 0.2236328125 0.779296875 0.2080078125 0.77734375 0.1708984375 0.765625 0.1318359375 0.7607421875 0.126953125
3 0.611328125 0.2216796875 0.615234375 0.1923828125 0.619140625 0.1865234375 0.6279296875 0.181640625 0.671875 0.1845703125 0.66796875 0.1611328125 0.6494140625 0.125 0.6083984375 0.126953125 0.5859375 0.1533203125 0.568359375 0.1826171875 0.568359375 0.1943359375 0.576171875 0.2080078125 0.58984375 0.2568359375 0.595703125 0.2607421875 0.603515625 0.2509765625 0.595703125 0.2412109375 0.595703125 0.2353515625 0.611328125 0.2216796875
3 0.509765625 0.1455078125 0.51171875 0.1279296875 0.5087890625 0.125 0.4794921875 0.125 0.46484375 0.1494140625 0.45703125 0.1806640625 0.45703125 0.1962890625 0.4609375 0.2197265625 0.4658203125 0.224609375 0.470703125 0.2236328125 0.4765625 0.2099609375 0.505859375 0.1689453125 0.498046875 0.1513671875 0.509765625 0.1455078125
3 0.908203125 0.2021484375 0.90234375 0.1767578125 0.892578125 0.1552734375 0.892578125 0.1494140625 0.90234375 0.1416015625 0.896484375 0.1357421875 0.8984375 0.1279296875 0.8955078125 0.125 0.8603515625 0.125 0.85546875 0.1337890625 0.869140625 0.1435546875 0.865234375 0.1728515625 0.87109375 0.1806640625 0.861328125 0.1904296875 0.861328125 0.1982421875 0.876953125 0.2392578125 0.880859375 0.2587890625 0.8828125 0.3193359375 0.88671875 0.3193359375 0.896484375 0.3076171875 0.904296875 0.2880859375 0.91015625 0.2529296875 0.908203125 0.2021484375
2 0.7685546875 0.3671875 0.7294921875 0.3515625 0.7119140625 0.337890625 0.720703125 0.4033203125 0.71875 0.4599609375 0.7529296875 0.474609375 0.7763671875 0.478515625 0.806640625 0.4775390625 0.810546875 0.4755859375 0.845703125 0.3740234375 0.7958984375 0.373046875 0.7685546875 0.3671875
2 1 0.4814453125 0.9541015625 0.478515625 0.9150390625 0.46875 0.8662109375 0.4453125 0.8349609375 0.416015625 0.8203125 0.4462890625 0.798828125 0.5126953125 0.80078125 0.5302734375 0.8271484375 0.560546875 0.8603515625 0.580078125 0.9052734375 0.59375 0.939453125 0.5947265625 0.9599609375 0.58984375 0.974609375 0.5771484375 0.984375 0.5576171875 0.984375 0.5478515625 0.990234375 0.5439453125 1 0.5244140625 1 0.4814453125
2 0.6865234375 0.494140625 0.6630859375 0.501953125 0.6025390625 0.50390625 0.5751953125 0.498046875 0.5380859375 0.482421875 0.5244140625 0.47265625 0.5087890625 0.453125 0.5 0.5400390625 0.5 0.5654296875 0.5078125 0.5830078125 0.5224609375 0.59765625 0.5537109375 0.615234375 0.5830078125 0.623046875 0.6171875 0.6240234375 0.6552734375 0.615234375 0.681640625 0.5927734375 0.70703125 0.4814453125 0.6865234375 0.494140625
2 0.5 0.4638671875 0.4833984375 0.478515625 0.4580078125 0.4921875 0.4091796875 0.501953125 0.3505859375 0.49609375 0.3173828125 0.482421875 0.2958984375 0.46484375 0.3046875 0.5693359375 0.3125 0.5908203125 0.3349609375 0.609375 0.3583984375 0.619140625 0.3798828125 0.623046875 0.416015625 0.6220703125 0.4599609375 0.609375 0.48828125 0.5849609375 0.49609375 0.5517578125 0.5 0.4638671875
2 0.3046875 0.3369140625 0.2939453125 0.3359375 0.2724609375 0.341796875 0.2236328125 0.341796875 0.1806640625 0.328125 0.181640625 0.3505859375 0.19921875 0.4326171875 0.2099609375 0.44140625 0.2314453125 0.44921875 0.28515625 0.4501953125 0.2890625 0.4482421875 0.2890625 0.4130859375 0.294921875 0.3701171875 0.3046875 0.3369140625
2 0.1240234375 0.25 0.142578125 0.3447265625 0.1552734375 0.353515625 0.181640625 0.3583984375 0.171875 0.3076171875 0.171875 0.2607421875 0.1435546875 0.2578125 0.1240234375 0.25
2 0 0.6337890625 0.00390625 0.6337890625 0.0302734375 0.619140625 0.052734375 0.6005859375 0.06640625 0.5830078125 0.07421875 0.5615234375 0.0341796875 0.439453125 0.0234375 0.4580078125 0 0.4794921875 0 0.6337890625
2 0.6904296875 0.2421875 0.681640625 0.2568359375 0.6796875 0.2685546875 0.703125 0.3212890625 0.708984375 0.3271484375 0.712890625 0.3076171875 0.7421875 0.2509765625 0.7099609375 0.248046875 0.6904296875 0.2421875
0 0 0.8212890625 0.013671875 0.8212890625 0.0498046875 0.8125 0.0712890625 0.80078125 0.103515625 0.7705078125 0.119140625 0.7470703125 0.123046875 0.7294921875 0.119140625 0.6943359375 0.091796875 0.6455078125 0.0888671875 0.6328125 0.080078125 0.6396484375 0.0869140625 0.640625 0.08984375 0.6474609375 0.0830078125 0.646484375 0.0732421875 0.65234375 0.0673828125 0.6484375 0.0556640625 0.650390625 0.0224609375 0.646484375 0 0.6513671875 0 0.8212890625
0 0.484375 0.7158203125 0.484375 0.6689453125 0.48046875 0.6591796875 0.484375 0.6220703125 0.4755859375 0.6171875 0.4697265625 0.619140625 0.4560546875 0.615234375 0.4541015625 0.619140625 0.4384765625 0.619140625 0.4189453125 0.623046875 0.4150390625 0.626953125 0.3779296875 0.626953125 0.3740234375 0.623046875 0.3466796875 0.619140625 0.3515625 0.6220703125 0.3525390625 0.62890625 0.3447265625 0.62109375 0.3193359375 0.61328125 0.3212890625 0.609375 0.328125 0.6083984375 0.3251953125 0.603515625 0.3115234375 0.603515625 0.322265625 0.6474609375 0.318359375 0.7177734375 0.32421875 0.7333984375 0.337890625 0.7529296875 0.3583984375 0.771484375 0.3857421875 0.78125 0.412109375 0.7802734375 0.4462890625 0.767578125 0.4599609375 0.7578125 0.474609375 0.7392578125 0.484375 0.7158203125
0 0.65625 0.6650390625 0.6796875 0.6044921875 0.6748046875 0.6015625 0.6611328125 0.61328125 0.6337890625 0.623046875 0.5888671875 0.625 0.5517578125 0.615234375 0.5322265625 0.60546875 0.4990234375 0.57421875 0.501953125 0.6376953125 0.490234375 0.6748046875 0.4921875 0.7236328125 0.5078125 0.7509765625 0.5244140625 0.765625 0.5595703125 0.779296875 0.59375 0.7783203125 0.6298828125 0.76171875 0.646484375 0.7373046875 0.654296875 0.7099609375 0.65625 0.6650390625
0 0.9140625 0.6962890625 0.919921875 0.6630859375 0.9296875 0.6416015625 0.9111328125 0.640625 0.8779296875 0.630859375 0.8701171875 0.6328125 0.8623046875 0.630859375 0.8583984375 0.625 0.8525390625 0.625 0.8486328125 0.630859375 0.8447265625 0.625 0.7880859375 0.623046875 0.7724609375 0.611328125 0.759765625 0.6240234375 0.75 0.6552734375 0.751953125 0.6767578125 0.759765625 0.6982421875 0.7900390625 0.73046875 0.8134765625 0.740234375 0.845703125 0.7431640625 0.8681640625 0.740234375 0.8857421875 0.732421875 0.90625 0.7119140625 0.9140625 0.6962890625
0 1 0.6611328125 0.9716796875 0.65625 0.9580078125 0.638671875 0.9326171875 0.646484375 0.923828125 0.6689453125 0.923828125 0.6806640625 0.931640625 0.7021484375 0.9619140625 0.734375 0.9794921875 0.744140625 1 0.7490234375 1 0.6611328125
0 0.7705078125 0.478515625 0.7177734375 0.462890625 0.6953125 0.5380859375 0.68359375 0.6025390625 0.6943359375 0.611328125 0.7216796875 0.623046875 0.75 0.6220703125 0.7607421875 0.619140625 0.77734375 0.5966796875 0.806640625 0.4794921875 0.7705078125 0.478515625
0 0.2802734375 0.544921875 0.26953125 0.5380859375 0.2705078125 0.533203125 0.2783203125 0.53515625 0.2890625 0.5302734375 0.2890625 0.5107421875 0.2861328125 0.509765625 0.2841796875 0.515625 0.2685546875 0.51171875 0.2646484375 0.515625 0.2353515625 0.513671875 0.2294921875 0.517578125 0.2216796875 0.509765625 0.21875 0.5166015625 0.220703125 0.5595703125 0.2255859375 0.564453125 0.23046875 0.5595703125 0.228515625 0.5517578125 0.234375 0.5517578125 0.234375 0.5693359375 0.2275390625 0.5703125 0.228515625 0.5751953125 0.2529296875 0.595703125 0.2822265625 0.603515625 0.294921875 0.6025390625 0.306640625 0.5986328125 0.30078125 0.5439453125 0.2958984375 0.541015625 0.2802734375 0.544921875
0 0.166015625 0.4208984375 0.1640625 0.4521484375 0.171875 0.4775390625 0.1865234375 0.494140625 0.2021484375 0.501953125 0.216796875 0.5029296875 0.189453125 0.4013671875 0.1650390625 0.404296875 0.1630859375 0.3984375 0.166015625 0.4208984375