3 0.78447265625 0.4255859375 0.81767578125 0.4216796875 0.82646484375 0.4109375 0.82841796875 0.3796875 0.82646484375 0.369921875 0.81767578125 0.3611328125 0.78251953125 0.3591796875 0.77470703125 0.3494140625 0.76689453125 0.3494140625 0.75322265625 0.3572265625 0.70634765625 0.3259765625 0.65361328125 0.3025390625 0.60087890625 0.2927734375 0.5703125 0.2927734375 0.5703125 0.29741796875 0.59404296875 0.323046875 0.60771484375 0.371875 0.60771484375 0.416796875 0.60185546875 0.448046875 0.59208984375 0.475390625 0.57294921875 0.5 0.59794921875 0.5 0.63798828125 0.4919921875 0.69658203125 0.4666015625 0.75322265625 0.4294921875 0.76298828125 0.4373046875 0.77080078125 0.4373046875 0.78447265625 0.4255859375
3 0.75712890625 0.6853515625 0.76689453125 0.6775390625 0.80205078125 0.6794921875 0.81083984375 0.674609375 0.81474609375 0.66484375 0.81669921875 0.62578125 0.80791015625 0.6169921875 0.77470703125 0.6111328125 0.76494140625 0.5974609375 0.74736328125 0.6052734375 0.71025390625 0.5701171875 0.66728515625 0.5408203125 0.61064453125 0.5173828125 0.59111328125 0.5134765625 0.58818359375 0.518359375 0.60185546875 0.545703125 0.60771484375 0.5828125 0.60185546875 0.635546875 0.59404296875 0.6609375 0.57646484375 0.69609375 0.5515625 0.713617621875 0.5515625 0.71513671875 0.55771484375 0.7171875 0.60419921875 0.7171875 0.62236328125 0.7166015625 0.67509765625 0.7048828125 0.73369140625 0.6775390625 0.74345703125 0.6775390625 0.75126953125 0.6853515625 0.75712890625 0.6853515625
3 0.87197265625 0.5111328125 0.85439453125 0.5091796875 0.84658203125 0.4974609375 0.83095703125 0.5052734375 0.77041015625 0.4662109375 0.72548828125 0.4505859375 0.65908203125 0.4857421875 0.58291015625 0.5052734375 0.63955078125 0.5248046875 0.67080078125 0.5404296875 0.7369414062499999 0.5890625 0.7379150390625 0.5890625 0.79384765625 0.5736328125 0.82705078125 0.5580078125 0.84462890625 0.5658203125 0.85244140625 0.5580078125 0.87294921875 0.555078125 0.87197265625 0.5111328125
3 0.81689453125 0.8673828125 0.82470703125 0.8634765625 0.85595703125 0.8673828125 0.86279296875 0.856640625 0.86474609375 0.82734375 0.85595703125 0.8205078125 0.83447265625 0.8146484375 0.82861328125 0.8048828125 0.81103515625 0.8048828125 0.78466796875 0.774609375 0.75634765625 0.7501953125 0.70361328125 0.7228515625 0.70263671875 0.731640625 0.69482421875 0.735546875 0.69482421875 0.78046875 0.68701171875 0.821484375 0.665625 0.8670473843750001 0.665625 0.8702566968750001 0.67822265625 0.8810546875 0.72900390625 0.8810546875 0.77001953125 0.8732421875 0.80322265625 0.8595703125 0.80908203125 0.8595703125 0.81689453125 0.8673828125
3 0.57802734375 1 0.79912109375 0.99921875 0.79619140625 0.9943359375 0.77470703125 0.9845703125 0.76494140625 0.9689453125 0.74736328125 0.9689453125 0.70341796875 0.911328125 0.67509765625 0.8849609375 0.63994140625 0.8712890625 0.61845703125 0.8458984375 0.59892578125 0.8380859375 0.58134765625 0.8400390625 0.55107421875 0.87421875 0.52958984375 0.925 0.521875 0.980718315625 0.521875 0.994921875 0.5227213546875 1 0.57802734375 1
3 0.87314453125 0.21796875 0.86435546875 0.2052734375 0.85263671875 0.2130859375 0.84482421875 0.2130859375 0.79794921875 0.1876953125 0.74130859375 0.1740234375 0.69443359375 0.1740234375 0.6875 0.1792236328125 0.6875 0.1801025390625 0.69443359375 0.1818359375 0.70908203125 0.19453125 0.71884765625 0.21796875 0.72275390625 0.2375 0.72275390625 0.286328125 0.71298828125 0.325390625 0.7273703828125 0.3359375 0.7283398437499999 0.3359375 0.76279296875 0.3263671875 0.79013671875 0.3126953125 0.84677734375 0.2697265625 0.86240234375 0.2736328125 0.87314453125 0.2609375 0.87314453125 0.21796875
3 0.79189453125 0.3302734375 0.76064453125 0.3283203125 0.73525390625 0.3361328125 0.73232421875 0.341015625 0.75283203125 0.3556640625 0.77236328125 0.3458984375 0.78212890625 0.3576171875 0.82119140625 0.3615234375 0.82607421875 0.36640625 0.82998046875 0.395703125 0.82607421875 0.415234375 0.81533203125 0.4259765625 0.78212890625 0.4279296875 0.76845703125 0.4416015625 0.75087890625 0.4318359375 0.73134765625 0.4455078125 0.7296875 0.45048828125 0.7296875 0.451484375 0.7572265625 0.4625 0.775146484375 0.4625 0.80947265625 0.4552734375 0.85830078125 0.4337890625 0.87490234375 0.419140625 0.87294921875 0.3625 0.83291015625 0.3419921875 0.79189453125 0.3302734375
3 0.80732421875 0.1208984375 0.80439453125 0.123828125 0.80244140625 0.17265625 0.79169921875 0.1658203125 0.790625 0.1744140625 0.790625 0.1819140625 0.8450439453125 0.2109375 0.85044921875 0.2109375 0.86005859375 0.2029296875 0.87177734375 0.2107421875 0.87470703125 0.205859375 0.87470703125 0.139453125 0.84443359375 0.1248046875 0.80732421875 0.1208984375
3 0.85859375 0.6953125 0.8234375 0.673828125 0.801953125 0.681640625 0.78828125 0.681640625 0.7873046875 0.7216796875 0.7814453125 0.7470703125 0.7765625 0.7552083328125 0.7765625 0.763671875 0.7921875 0.779296875 0.829296875 0.77734375 0.868359375 0.765625 0.8732421875 0.7607421875 0.8751953125 0.7119140625 0.85859375 0.6953125
3 0.80576171875 0.5681640625 0.79208984375 0.5759765625 0.74326171875 0.5896484375 0.740625 0.593603515625 0.740625 0.5965234374999999 0.74912109375 0.6033203125 0.75888671875 0.5955078125 0.76474609375 0.5955078125 0.77841796875 0.6111328125 0.80771484375 0.6150390625 0.81357421875 0.6189453125 0.81845703125 0.627734375 0.8156184890624999 0.6703125 0.82373046875 0.6703125 0.83896484375 0.6677734375 0.87509765625 0.64921875 0.87314453125 0.608203125 0.84677734375 0.5857421875 0.81748046875 0.5681640625 0.80576171875 0.5681640625
3 0.8751953125 0.5087890625 0.8751953125 0.4794921875 0.85078125 0.46484375 0.81953125 0.45703125 0.80390625 0.45703125 0.78046875 0.4609375 0.7765625 0.46484375 0.7765625 0.470703125 0.790234375 0.4765625 0.83125 0.505859375 0.848828125 0.498046875 0.8546875 0.509765625 0.872265625 0.51171875 0.8751953125 0.5087890625
3 0.86396484375 0.896484375 0.87177734375 0.8984375 0.87470703125 0.8955078125 0.87470703125 0.8603515625 0.86732421875 0.85625 0.8653599328125001 0.85625 0.85615234375 0.869140625 0.82685546875 0.865234375 0.81904296875 0.87109375 0.80927734375 0.861328125 0.80146484375 0.861328125 0.76044921875 0.876953125 0.74091796875 0.880859375 0.68125 0.8827841484375 0.68125 0.887451171875 0.69208984375 0.896484375 0.71162109375 0.904296875 0.74208984375 0.909375 0.76708984375 0.909375 0.79755859375 0.908203125 0.82294921875 0.90234375 0.84443359375 0.892578125 0.85029296875 0.892578125 0.85810546875 0.90234375 0.86396484375 0.896484375
2 0.5396484375 0.71865234375 0.525 0.75283203125 0.521875 0.77158203125 0.521875 0.80048828125 0.5220703125 0.80654296875 0.5240234375 0.81044921875 0.6202256937499999 0.84375 0.62562231875 0.84375 0.6265625 0.79580078125 0.632421875 0.76845703125 0.648046875 0.72939453125 0.66171875 0.71181640625 0.5962890625 0.72060546875 0.5396484375 0.71865234375
2 0.5186648109374999 1 0.52158203125 0.954296875 0.53134765625 0.915234375 0.55478515625 0.86640625 0.58408203125 0.83515625 0.55380859375 0.8205078125 0.48740234375 0.7990234375 0.46982421875 0.8009765625 0.43955078125 0.82734375 0.42001953125 0.860546875 0.40634765625 0.90546875 0.40625 0.90888671875 0.40625 0.9433398437499999 0.41025390625 0.96015625 0.42294921875 0.9748046875 0.44248046875 0.9845703125 0.45224609375 0.9845703125 0.45615234375 0.9904296875 0.47529296875 1 0.5186648109374999 1
2 0.52705078125 0.5248046875 0.54658203125 0.5091796875 0.45966796875 0.500390625 0.43427734375 0.500390625 0.41669921875 0.508203125 0.40205078125 0.5228515625 0.38447265625 0.5541015625 0.37666015625 0.5833984375 0.3765625 0.58681640625 0.3765625 0.62138671875 0.38447265625 0.6556640625 0.40693359375 0.68203125 0.513123496875 0.70625 0.517536271875 0.70625 0.50556640625 0.6869140625 0.49775390625 0.6634765625 0.49580078125 0.6029296875 0.50166015625 0.5755859375 0.51728515625 0.5384765625 0.52705078125 0.5248046875
2 0.53544921875 0.29619140625 0.43095703125 0.30498046875 0.40947265625 0.31279296875 0.39091796875 0.33525390625 0.38115234375 0.35869140625 0.378125 0.375341796875 0.378125 0.4126953125 0.37822265625 0.41630859375 0.39091796875 0.46025390625 0.41533203125 0.48857421875 0.44853515625 0.49638671875 0.529833984375 0.5 0.5361672796875 0.5 0.52177734375 0.48369140625 0.50810546875 0.45830078125 0.49833984375 0.40947265625 0.50419921875 0.35087890625 0.51787109375 0.31767578125 0.53544921875 0.29619140625
2 0.56728515625 0.19892578125 0.55849609375 0.20966796875 0.55068359375 0.23115234375 0.55 0.26875 0.55 0.28544921875 0.55166015625 0.28876953125 0.58681640625 0.28876953125 0.62978515625 0.29462890625 0.658671875 0.303125 0.66310369375 0.303125 0.66396484375 0.29365234375 0.65810546875 0.27216796875 0.65810546875 0.22333984375 0.67177734375 0.18037109375 0.64931640625 0.18134765625 0.56728515625 0.19892578125
2 0.65498046875 0.14306640625 0.64619140625 0.15576171875 0.6421875 0.17738281250000001 0.6421875 0.18125 0.64587890625 0.18125 0.69208984375 0.17236328125 0.73896484375 0.17236328125 0.74189453125 0.14404296875 0.74970703125 0.12451171875 0.65498046875 0.14306640625
2 0.3671875 0 0.3671875 0.005097656250000001 0.38095703125 0.0298828125 0.39951171875 0.05234375 0.41708984375 0.066015625 0.4375 0.0734375 0.43976514843750003 0.0734375 0.56064453125 0.0337890625 0.54208984375 0.023046875 0.5209635421875001 0 0.3671875 0
2 0.73115234375 0.6796875 0.67841796875 0.703125 0.6734375 0.70810546875 0.6734375 0.7091601562500001 0.69208984375 0.712890625 0.74873046875 0.7421875 0.75166015625 0.7099609375 0.75751953125 0.6904296875 0.74287109375 0.681640625 0.73115234375 0.6796875
0 0.1796875 0 0.1796875 0.0162868921875 0.18779296875 0.049609375 0.19951171875 0.07109375 0.22978515625 0.1033203125 0.25322265625 0.1189453125 0.26640625 0.121875 0.27958984375 0.121875 0.30595703125 0.1189453125 0.35478515625 0.0916015625 0.36748046875 0.088671875 0.36064453125 0.0798828125 0.35966796875 0.08671875 0.35283203125 0.0896484375 0.35380859375 0.0828125 0.34794921875 0.073046875 0.35185546875 0.0671875 0.34990234375 0.05546875 0.35380859375 0.022265625 0.348968240625 0 0.1796875 0
0 0.3767578125 0.41923828125 0.3728515625 0.41533203125 0.3728515625 0.37822265625 0.3767578125 0.37431640625 0.3806640625 0.34697265625 0.377734375 0.35185546875 0.3708984375 0.35283203125 0.3787109375 0.34501953125 0.3865234375 0.31962890625 0.3904296875 0.32158203125 0.39140625 0.32841796875 0.3962890625 0.32548828125 0.3962890625 0.31181640625 0.35234375 0.32255859375 0.28203125 0.31865234375 0.26640625 0.32451171875 0.246875 0.33818359375 0.2283203125 0.35869140625 0.21875 0.38548828125 0.21875 0.39130859375 0.21953125 0.41240234375 0.2322265625 0.44658203125 0.2419921875 0.46025390625 0.260546875 0.47490234375 0.28328125000000004 0.484375 0.331591796875 0.484375 0.340625 0.48076171875 0.374951171875 0.484375 0.37789713593749996 0.484375 0.3826171875 0.47587890625 0.3806640625 0.47001953125 0.3845703125 0.45634765625 0.3806640625 0.45439453125 0.3806640625 0.43876953125 0.3767578125 0.41923828125
0 0.3951171875 0.53203125 0.4263671875 0.498828125 0.362890625 0.5017578125 0.32578125 0.4900390625 0.276953125 0.4919921875 0.249609375 0.5076171875 0.2349609375 0.52421875 0.221875 0.557868303125 0.221875 0.5798828125 0.222265625 0.5935546875 0.2388671875 0.6296875 0.26328125 0.6462890625 0.290625 0.6541015625 0.335546875 0.6560546875 0.3925618484375 0.678125 0.3969140625 0.678125 0.3990234375 0.674609375 0.3873046875 0.6609375 0.3775390625 0.63359375 0.3755859375 0.588671875 0.3853515625 0.5515625 0.3951171875 0.53203125
0 0.35849609375 0.9296875 0.35947265625 0.9111328125 0.36923828125 0.8779296875 0.36728515625 0.8701171875 0.36923828125 0.8623046875 0.37509765625 0.8583984375 0.37509765625 0.8525390625 0.36923828125 0.8486328125 0.37509765625 0.8447265625 0.37705078125 0.7880859375 0.38876953125 0.7724609375 0.37607421875 0.759765625 0.34482421875 0.75 0.32333984375 0.751953125 0.30185546875 0.759765625 0.26962890625 0.7900390625 0.25986328125 0.8134765625 0.2578125 0.83603515625 0.2578125 0.85244140625 0.25986328125 0.8681640625 0.26767578125 0.8857421875 0.28818359375 0.90625 0.30380859375 0.9140625 0.33701171875 0.919921875 0.35849609375 0.9296875
0 0.33880320625000004 1 0.34365234375 0.971875 0.3609375 0.9584309890625 0.3609375 0.9572509765625 0.35341796875 0.9328125 0.33095703125 0.9240234375 0.31923828125 0.9240234375 0.29775390625 0.9318359375 0.26552734375 0.962109375 0.25576171875 0.9796875 0.2515625 0.99732421875 0.2515625 1 0.33880320625000004 1
0 0.376953125 0.721484375 0.3779296875 0.7498046875 0.380859375 0.760546875 0.4033203125 0.7771484375 0.5134765625 0.8046875 0.5205553203125 0.8046875 0.521484375 0.7703125 0.537109375 0.717578125 0.4619140625 0.6951171875 0.3974609375 0.6833984375 0.388671875 0.694140625 0.376953125 0.721484375
0 0.464453125 0.278515625 0.4693359375 0.2892578125 0.4888671875 0.2892578125 0.48984375 0.286328125 0.483984375 0.284375 0.487890625 0.26875 0.483984375 0.26484375 0.4859375 0.235546875 0.48203125 0.2296875 0.48984375 0.221875 0.4830078125 0.2189453125 0.4400390625 0.2208984375 0.43515625 0.22578125 0.4400390625 0.2306640625 0.4478515625 0.2287109375 0.4478515625 0.2345703125 0.4302734375 0.2345703125 0.429296875 0.227734375 0.4244140625 0.2287109375 0.40390625 0.253125 0.396875 0.2794921875 0.396875 0.292578125 0.3970703125 0.2951171875 0.40078125 0.30625 0.4064453125 0.30625 0.4556640625 0.3009765625 0.45859375 0.29609375 0.4546875 0.28046875 0.4615234375 0.2697265625 0.46640625 0.270703125 0.464453125 0.278515625
0 0.52255859375 0.17197265625 0.50595703125 0.18662109375 0.4984375 0.20166015625 0.4984375 0.216552734375 0.59873046875 0.18955078125 0.59580078125 0.16513671875 0.60166015625 0.16318359375 0.57919921875 0.16611328125 0.54794921875 0.16416015625 0.52255859375 0.17197265625