3 0.4255859375 0.21552734375 0.4216796875 0.18232421875 0.4109375 0.17353515625 0.3796875 0.17158203125 0.369921875 0.17353515625 0.3611328125 0.18232421875 0.3591796875 0.21748046875 0.3494140625 0.22529296875 0.3494140625 0.23310546875 0.3572265625 0.24677734375 0.3259765625 0.29365234375 0.3025390625 0.34638671875 0.2927734375 0.39912109375 0.2927734375 0.4296875 0.29741796875 0.4296875 0.323046875 0.40595703125 0.371875 0.39228515625 0.416796875 0.39228515625 0.448046875 0.39814453125 0.475390625 0.40791015625 0.5 0.42705078125 0.5 0.40205078125 0.4919921875 0.36201171875 0.4666015625 0.30341796875 0.4294921875 0.24677734375 0.4373046875 0.23701171875 0.4373046875 0.22919921875 0.4255859375 0.21552734375
3 0.6853515625 0.24287109375 0.6775390625 0.23310546875 0.6794921875 0.19794921875 0.674609375 0.18916015625 0.66484375 0.18525390625 0.62578125 0.18330078125 0.6169921875 0.19208984375 0.6111328125 0.22529296875 0.5974609375 0.23505859375 0.6052734375 0.25263671875 0.5701171875 0.28974609375 0.5408203125 0.33271484375 0.5173828125 0.38935546875 0.5134765625 0.40888671875 0.518359375 0.41181640625 0.545703125 0.39814453125 0.5828125 0.39228515625 0.635546875 0.39814453125 0.6609375 0.40595703125 0.69609375 0.42353515625 0.713617621875 0.4484375 0.71513671875 0.4484375 0.7171875 0.44228515625 0.7171875 0.39580078125 0.7166015625 0.37763671875 0.7048828125 0.32490234375 0.6775390625 0.26630859375 0.6775390625 0.25654296875 0.6853515625 0.24873046875 0.6853515625 0.24287109375
3 0.5111328125 0.12802734375 0.5091796875 0.14560546875 0.4974609375 0.15341796875 0.5052734375 0.16904296875 0.4662109375 0.22958984375 0.4505859375 0.27451171875 0.4857421875 0.34091796875 0.5052734375 0.41708984375 0.5248046875 0.36044921875 0.5404296875 0.32919921875 0.5890625 0.26305859374999996 0.5890625 0.2620849609375 0.5736328125 0.20615234375 0.5580078125 0.17294921875 0.5658203125 0.15537109375 0.5580078125 0.14755859375 0.555078125 0.12705078125 0.5111328125 0.12802734375
3 0.8673828125 0.18310546875 0.8634765625 0.17529296875 0.8673828125 0.14404296875 0.856640625 0.13720703125 0.82734375 0.13525390625 0.8205078125 0.14404296875 0.8146484375 0.16552734375 0.8048828125 0.17138671875 0.8048828125 0.18896484375 0.774609375 0.21533203125 0.7501953125 0.24365234375 0.7228515625 0.29638671875 0.731640625 0.29736328125 0.735546875 0.30517578125 0.78046875 0.30517578125 0.821484375 0.31298828125 0.8670473843750001 0.334375 0.8702566968750001 0.334375 0.8810546875 0.32177734375 0.8810546875 0.27099609375 0.8732421875 0.22998046875 0.8595703125 0.19677734375 0.8595703125 0.19091796875 0.8673828125 0.18310546875
3 1 0.42197265625 0.99921875 0.20087890625 0.9943359375 0.20380859375 0.9845703125 0.22529296875 0.9689453125 0.23505859375 0.9689453125 0.25263671875 0.911328125 0.29658203125 0.8849609375 0.32490234375 0.8712890625 0.36005859375 0.8458984375 0.38154296875 0.8380859375 0.40107421875 0.8400390625 0.41865234375 0.87421875 0.44892578125 0.925 0.47041015625 0.980718315625 0.478125 0.994921875 0.478125 1 0.47727864531249997 1 0.42197265625
3 0.21796875 0.12685546875 0.2052734375 0.13564453125 0.2130859375 0.14736328125 0.2130859375 0.15517578125 0.1876953125 0.20205078125 0.1740234375 0.25869140625 0.1740234375 0.30556640625 0.1792236328125 0.3125 0.1801025390625 0.3125 0.1818359375 0.30556640625 0.19453125 0.29091796875 0.21796875 0.28115234375 0.2375 0.27724609375 0.286328125 0.27724609375 0.325390625 0.28701171875 0.3359375 0.2726296171875 0.3359375 0.27166015625 0.3263671875 0.23720703125 0.3126953125 0.20986328125 0.2697265625 0.15322265625 0.2736328125 0.13759765625 0.2609375 0.12685546875 0.21796875 0.12685546875
3 0.3302734375 0.20810546875 0.3283203125 0.23935546875 0.3361328125 0.26474609375 0.341015625 0.26767578125 0.3556640625 0.24716796875 0.3458984375 0.22763671875 0.3576171875 0.21787109375 0.3615234375 0.17880859375 0.36640625 0.17392578125 0.395703125 0.17001953125 0.415234375 0.17392578125 0.4259765625 0.18466796875 0.4279296875 0.21787109375 0.4416015625 0.23154296875 0.4318359375 0.24912109375 0.4455078125 0.26865234375 0.45048828125 0.2703125 0.451484375 0.2703125 0.4625 0.2427734375 0.4625 0.224853515625 0.4552734375 0.19052734375 0.4337890625 0.14169921875 0.419140625 0.12509765625 0.3625 0.12705078125 0.3419921875 0.16708984375 0.3302734375 0.20810546875
3 0.1208984375 0.19267578125 0.123828125 0.19560546875 0.17265625 0.19755859375 0.1658203125 0.20830078125 0.1744140625 0.209375 0.1819140625 0.209375 0.2109375 0.1549560546875 0.2109375 0.14955078125000001 0.2029296875 0.13994140625 0.2107421875 0.12822265625 0.205859375 0.12529296875 0.139453125 0.12529296875 0.1248046875 0.15556640625 0.1208984375 0.19267578125
3 0.6953125 0.14140625 0.673828125 0.1765625 0.681640625 0.198046875 0.681640625 0.21171875 0.7216796875 0.2126953125 0.7470703125 0.2185546875 0.7552083328125 0.2234375 0.763671875 0.2234375 0.779296875 0.2078125 0.77734375 0.170703125 0.765625 0.131640625 0.7607421875 0.1267578125 0.7119140625 0.1248046875 0.6953125 0.14140625
3 0.5681640625 0.19423828125 0.5759765625 0.20791015625 0.5896484375 0.25673828125 0.593603515625 0.259375 0.5965234374999999 0.259375 0.6033203125 0.25087890625 0.5955078125 0.24111328125 0.5955078125 0.23525390625 0.6111328125 0.22158203125 0.6150390625 0.19228515625 0.6189453125 0.18642578125 0.627734375 0.18154296875 0.6703125 0.1843815109375 0.6703125 0.17626953125 0.6677734375 0.16103515625 0.64921875 0.12490234375 0.608203125 0.12685546875 0.5857421875 0.15322265625 0.5681640625 0.18251953125 0.5681640625 0.19423828125
3 0.5087890625 0.1248046875 0.4794921875 0.1248046875 0.46484375 0.14921875 0.45703125 0.18046875 0.45703125 0.19609375 0.4609375 0.21953125 0.46484375 0.2234375 0.470703125 0.2234375 0.4765625 0.209765625 0.505859375 0.16875 0.498046875 0.151171875 0.509765625 0.1453125 0.51171875 0.127734375 0.5087890625 0.1248046875
3 0.896484375 0.13603515625 0.8984375 0.12822265625 0.8955078125 0.12529296875 0.8603515625 0.12529296875 0.85625 0.13267578124999999 0.85625 0.1346400671875 0.869140625 0.14384765625 0.865234375 0.17314453125 0.87109375 0.18095703125 0.861328125 0.19072265625 0.861328125 0.19853515625 0.876953125 0.23955078125 0.880859375 0.25908203125 0.8827841484375 0.31875 0.887451171875 0.31875 0.896484375 0.30791015625 0.904296875 0.28837890625 0.909375 0.25791015625 0.909375 0.23291015625 0.908203125 0.20244140625 0.90234375 0.17705078125 0.892578125 0.15556640625 0.892578125 0.14970703125 0.90234375 0.14189453125 0.896484375 0.13603515625
2 0.71865234375 0.4603515625 0.75283203125 0.475 0.77158203125 0.478125 0.80048828125 0.478125 0.80654296875 0.4779296875 0.81044921875 0.4759765625 0.84375 0.37977430624999997 0.84375 0.37437768125000004 0.79580078125 0.3734375 0.76845703125 0.367578125 0.72939453125 0.351953125 0.71181640625 0.33828125 0.72060546875 0.4037109375 0.71865234375 0.4603515625
2 1 0.48133518906250006 0.954296875 0.47841796875 0.915234375 0.46865234375 0.86640625 0.44521484375 0.83515625 0.41591796875 0.8205078125 0.44619140625 0.7990234375 0.51259765625 0.8009765625 0.53017578125 0.82734375 0.56044921875 0.860546875 0.57998046875 0.90546875 0.59365234375 0.90888671875 0.59375 0.9433398437499999 0.59375 0.96015625 0.58974609375 0.9748046875 0.57705078125 0.9845703125 0.55751953125 0.9845703125 0.54775390625 0.9904296875 0.54384765625 1 0.52470703125 1 0.48133518906250006
2 0.5248046875 0.47294921875 0.5091796875 0.45341796875 0.500390625 0.54033203125 0.500390625 0.56572265625 0.508203125 0.58330078125 0.5228515625 0.59794921875 0.5541015625 0.61552734375 0.5833984375 0.62333984375 0.58681640625 0.6234375 0.62138671875 0.6234375 0.6556640625 0.61552734375 0.68203125 0.59306640625 0.70625 0.48687650312499997 0.70625 0.48246372812500005 0.6869140625 0.49443359375 0.6634765625 0.50224609375 0.6029296875 0.50419921875 0.5755859375 0.49833984375 0.5384765625 0.48271484375 0.5248046875 0.47294921875
2 0.29619140625 0.46455078125 0.30498046875 0.56904296875 0.31279296875 0.59052734375 0.33525390625 0.60908203125 0.35869140625 0.61884765625 0.375341796875 0.621875 0.4126953125 0.621875 0.41630859375 0.62177734375 0.46025390625 0.60908203125 0.48857421875 0.58466796875 0.49638671875 0.55146484375 0.5 0.470166015625 0.5 0.4638327203125 0.48369140625 0.47822265625 0.45830078125 0.49189453125 0.40947265625 0.50166015625 0.35087890625 0.49580078125 0.31767578125 0.48212890625 0.29619140625 0.46455078125
2 0.19892578125 0.43271484375 0.20966796875 0.44150390625 0.23115234375 0.44931640625 0.26875 0.45 0.28544921875 0.45 0.28876953125 0.44833984375 0.28876953125 0.41318359375 0.29462890625 0.37021484375 0.303125 0.341328125 0.303125 0.33689630625 0.29365234375 0.33603515625 0.27216796875 0.34189453125 0.22333984375 0.34189453125 0.18037109375 0.32822265625 0.18134765625 0.35068359375 0.19892578125 0.43271484375
2 0.14306640625 0.34501953125 0.15576171875 0.35380859375 0.17738281250000001 0.3578125 0.18125 0.3578125 0.18125 0.35412109375 0.17236328125 0.30791015625 0.17236328125 0.26103515625 0.14404296875 0.25810546875 0.12451171875 0.25029296875 0.14306640625 0.34501953125
2 0 0.6328125 0.005097656250000001 0.6328125 0.0298828125 0.61904296875 0.05234375 0.60048828125 0.066015625 0.58291015625 0.0734375 0.5625 0.0734375 0.5602348515625 0.0337890625 0.43935546875 0.023046875 0.45791015625 0 0.4790364578125 0 0.6328125
2 0.6796875 0.26884765625 0.703125 0.32158203125 0.70810546875 0.3265625 0.7091601562500001 0.3265625 0.712890625 0.30791015625 0.7421875 0.25126953125 0.7099609375 0.24833984375 0.6904296875 0.24248046875 0.681640625 0.25712890625 0.6796875 0.26884765625
0 0 0.8203125 0.0162868921875 0.8203125 0.049609375 0.81220703125 0.07109375 0.80048828125 0.1033203125 0.77021484375 0.1189453125 0.74677734375 0.121875 0.73359375 0.121875 0.72041015625 0.1189453125 0.69404296875 0.0916015625 0.64521484375 0.088671875 0.63251953125 0.0798828125 0.63935546875 0.08671875 0.64033203125 0.0896484375 0.64716796875 0.0828125 0.64619140625 0.073046875 0.65205078125 0.0671875 0.64814453125 0.05546875 0.65009765625 0.022265625 0.64619140625 0 0.651031759375 0 0.8203125
0 0.41923828125 0.6232421875 0.41533203125 0.6271484375 0.37822265625 0.6271484375 0.37431640625 0.6232421875 0.34697265625 0.6193359375 0.35185546875 0.622265625 0.35283203125 0.6291015625 0.34501953125 0.6212890625 0.31962890625 0.6134765625 0.32158203125 0.6095703125 0.32841796875 0.60859375 0.32548828125 0.6037109375 0.31181640625 0.6037109375 0.32255859375 0.64765625 0.31865234375 0.71796875 0.32451171875 0.73359375 0.33818359375 0.753125 0.35869140625 0.7716796875 0.38548828125 0.78125 0.39130859375 0.78125 0.41240234375 0.78046875 0.44658203125 0.7677734375 0.46025390625 0.7580078125 0.47490234375 0.739453125 0.484375 0.71671875 0.484375 0.668408203125 0.48076171875 0.659375 0.484375 0.625048828125 0.484375 0.6221028640624999 0.47587890625 0.6173828125 0.47001953125 0.6193359375 0.45634765625 0.6154296875 0.45439453125 0.6193359375 0.43876953125 0.6193359375 0.41923828125 0.6232421875
0 0.53203125 0.6048828125 0.498828125 0.5736328125 0.5017578125 0.637109375 0.4900390625 0.67421875 0.4919921875 0.723046875 0.5076171875 0.750390625 0.52421875 0.7650390625 0.557868303125 0.778125 0.5798828125 0.778125 0.5935546875 0.777734375 0.6296875 0.7611328125 0.6462890625 0.73671875 0.6541015625 0.709375 0.6560546875 0.664453125 0.678125 0.6074381515625 0.678125 0.6030859375000001 0.674609375 0.6009765625 0.6609375 0.6126953125 0.63359375 0.6224609375 0.588671875 0.6244140625 0.5515625 0.6146484375 0.53203125 0.6048828125
0 0.9296875 0.64150390625 0.9111328125 0.64052734375 0.8779296875 0.63076171875 0.8701171875 0.63271484375 0.8623046875 0.63076171875 0.8583984375 0.62490234375 0.8525390625 0.62490234375 0.8486328125 0.63076171875 0.8447265625 0.62490234375 0.7880859375 0.62294921875 0.7724609375 0.61123046875 0.759765625 0.62392578125 0.75 0.65517578125 0.751953125 0.67666015625 0.759765625 0.69814453125 0.7900390625 0.73037109375 0.8134765625 0.74013671875 0.83603515625 0.7421875 0.85244140625 0.7421875 0.8681640625 0.74013671875 0.8857421875 0.73232421875 0.90625 0.71181640625 0.9140625 0.69619140625 0.919921875 0.66298828125 0.9296875 0.64150390625
0 1 0.6611967937500001 0.971875 0.65634765625 0.9584309890625 0.6390625 0.9572509765625 0.6390625 0.9328125 0.64658203125 0.9240234375 0.66904296875 0.9240234375 0.68076171875 0.9318359375 0.70224609375 0.962109375 0.73447265625 0.9796875 0.74423828125 0.99732421875 0.7484375 1 0.7484375 1 0.6611967937500001
0 0.721484375 0.623046875 0.7498046875 0.6220703125 0.760546875 0.619140625 0.7771484375 0.5966796875 0.8046875 0.4865234375 0.8046875 0.47944467968750004 0.7703125 0.478515625 0.717578125 0.462890625 0.6951171875 0.5380859375 0.6833984375 0.6025390625 0.694140625 0.611328125 0.721484375 0.623046875
0 0.278515625 0.535546875 0.2892578125 0.5306640625 0.2892578125 0.5111328125 0.286328125 0.51015625 0.284375 0.516015625 0.26875 0.512109375 0.26484375 0.516015625 0.235546875 0.5140625 0.2296875 0.51796875 0.221875 0.51015625 0.2189453125 0.5169921875 0.2208984375 0.5599609375 0.22578125 0.56484375 0.2306640625 0.5599609375 0.2287109375 0.5521484375 0.2345703125 0.5521484375 0.2345703125 0.5697265625 0.227734375 0.570703125 0.2287109375 0.5755859375 0.253125 0.59609375 0.2794921875 0.603125 0.292578125 0.603125 0.2951171875 0.6029296875 0.30625 0.59921875 0.30625 0.5935546875 0.3009765625 0.5443359375 0.29609375 0.54140625 0.28046875 0.5453125 0.2697265625 0.5384765625 0.270703125 0.53359375 0.278515625 0.535546875
0 0.17197265625 0.47744140625 0.18662109375 0.49404296875 0.20166015625 0.5015625 0.216552734375 0.5015625 0.18955078125 0.40126953125 0.16513671875 0.40419921875 0.16318359375 0.39833984375 0.16611328125 0.42080078125 0.16416015625 0.45205078125 0.17197265625 0.47744140625