0 0.8894531234375 0.160179746875 0.9646484375 0.155774203125 0.9646484375 0.1264039015625 0.9546316640624999 0.103125 0.8845888421874999 0.103125 0.8894531234375 0.160179746875
0 0.79375 0.0930921015625 0.79375 0.1512485265625 0.882421875 0.1527138125 0.882421875 0.1086583640625 0.8736328109375 0.092504696875 0.8164062921875 0.0890625 0.799109371875 0.0890625 0.79375 0.0930921015625
0 0.7253335765625 0.0734375 0.720460940625 0.0734375 0.70625 0.08412241718749999 0.70625 0.095753059375 0.7103515609375 0.1537300296875 0.7748046890625 0.156667059375 0.789453125 0.149324484375 0.79140625 0.09645794375 0.7865234390625 0.0803042765625 0.7253335765625 0.0734375
0 0.619376115625 0.1390625 0.6509765625 0.1289826125 0.6155848203125001 0.109375 0.6140625 0.109375 0.6140625 0.1096569546875 0.6187183796875 0.1390625 0.619376115625 0.1390625
0 0.6226562515625 0.100804746875 0.6265625015625 0.1096158375 0.6519531234375 0.11548989531250001 0.6558593734375 0.1272380171875 0.6675781234375 0.118426928125 0.6949218734375 0.13017504687499998 0.7056640625 0.125769503125 0.7017578125 0.08171404843749999 0.6890625015625 0.05674929375 0.607920578125 0.053125 0.58991015625 0.053125 0.5828125 0.0637981671875 0.5828125 0.068301615625 0.5855468734375 0.1272380171875 0.5933593734375 0.11255286718749999 0.6099609375 0.1110843515625 0.5972656234375 0.10667880625 0.5992187515625 0.100804746875 0.6226562515625 0.100804746875
0 0.5673828140625 0.0366776328125 0.5354316359375 0.0265625 0.44525360625 0.0265625 0.431640625 0.0645794171875 0.4296875 0.0939497171875 0.4365234359375 0.118914475 0.578125 0.1115718984375 0.576171875 0.05576832968749999 0.5673828140625 0.0366776328125
0 0.4085937484375 0.12191024375 0.4105468765625 0.13659539375000002 0.4271484375 0.135126878125 0.4261718765625 0.066106671875 0.3988281265625 0.066106671875 0.38571875312500004 0.05625 0.34285156250000004 0.05625 0.325 0.08041000781249999 0.325 0.13606673125 0.3441406265625 0.110162125 0.3695312484375 0.12191024375 0.3851562484375 0.11897321406250001 0.3910156265625 0.10722509375 0.3949218765625 0.11897321406250001 0.4085937484375 0.12191024375
0 0.21123046875 0.0762453 0.2109375 0.092545790625 0.2109375 0.1305803578125 0.3000976546875 0.1305803578125 0.31669921875 0.12030075312499999 0.32060546875 0.0791823328125 0.3118164046875 0.06596569531249999 0.22490234375 0.06449717968749999 0.21123046875 0.0762453
0 0.203125 0.129235196875 0.2060546859375 0.077837171875 0.17272263593749998 0.075 0.1239380578125 0.075 0.115234375 0.08517974843750001 0.11425781406249999 0.142451834375 0.1376953140625 0.1307037140625 0.1748046859375 0.1307037140625 0.1826171859375 0.139514803125 0.203125 0.129235196875
0 0.053050774999999994 0.0828125 0.02548828125 0.0905838828125 0.0234375 0.09829358437499999 0.0234375 0.11698778437499999 0.026464842187499997 0.136107846875 0.0791992203125 0.1478559671875 0.10751953125 0.14051339062499998 0.1084960921875 0.08617833593749999 0.06895314687500001 0.0828125 0.053050774999999994 0.0828125
3 0.11457500000000001 0.6575242796875 0.11457500000000001 0.478125 0.025 0.478125 0.025 0.6575242796875 0.11457500000000001 0.6575242796875
3 0.2119354171875 0.7340460515625 0.2119354171875 0.534375 0.1203125 0.534375 0.1203125 0.7340460515625 0.2119354171875 0.7340460515625
3 0.3237937515625 0.671041275 0.3237937515625 0.5171875 0.2140625 0.5171875 0.2140625 0.671041275 0.3237937515625 0.671041275
3 0.44188333281250003 0.8992814078125001 0.44188333281250003 0.7015625 0.3140625 0.7015625 0.3140625 0.8992814078125001 0.44188333281250003 0.8992814078125001
3 0.5734166671875001 0.8993773484375 0.5734166671875001 0.703125 0.446875 0.703125 0.446875 0.8993773484375 0.5734166671875001 0.8993773484375
3 0.683854165625 0.8147908828125001 0.683854165625 0.640625 0.584375 0.640625 0.584375 0.8147908828125001 0.683854165625 0.8147908828125001
3 0.77761875 0.5755368875 0.6921875 0.5755368875 0.6921875 0.7476421515625 0.77761875 0.7476421515625 0.77761875 0.5755368875
3 0.7828125 0.737702459375 0.871875 0.737702459375 0.871875 0.565625 0.7828125 0.565625 0.7828125 0.737702459375
3 0.8828125 0.666193215625 0.9453125 0.666193215625 0.9453125 0.503125 0.8828125 0.503125 0.8828125 0.666193215625