0 0.1105468765625 0.839820253125 0.0353515625 0.8442257968750001 0.0353515625 0.8735960984375 0.0453683359375 0.896875 0.1154111578125 0.896875 0.1105468765625 0.839820253125
0 0.20625 0.9069078984375001 0.20625 0.8487514734375001 0.117578125 0.8472861875 0.117578125 0.8913416359375 0.1263671890625 0.907495303125 0.1835937078125 0.9109375 0.20089062812499997 0.9109375 0.20625 0.9069078984375001
0 0.2746664234375 0.9265625 0.279539059375 0.9265625 0.29375 0.9158775828125 0.29375 0.904246940625 0.2896484390625 0.8462699703125001 0.2251953109375 0.843332940625 0.210546875 0.850675515625 0.20859375 0.9035420562500001 0.2134765609375 0.9196957234375001 0.2746664234375 0.9265625
0 0.380623884375 0.8609375 0.3490234375 0.8710173875 0.3844151796875 0.890625 0.3859375 0.890625 0.3859375 0.8903430453125001 0.3812816203125 0.8609375 0.380623884375 0.8609375
0 0.3773437484375 0.899195253125 0.3734374984375 0.8903841625 0.3480468765625 0.8845101046874999 0.3441406265625 0.8727619828125001 0.3324218765625 0.881573071875 0.3050781265625 0.869824953125 0.2943359375 0.874230496875 0.2982421875 0.9182859515624999 0.3109374984375 0.94325070625 0.392079421875 0.946875 0.41008984374999996 0.946875 0.4171875 0.9362018328125 0.4171875 0.931698384375 0.4144531265625 0.8727619828125001 0.4066406265625 0.8874471328125001 0.3900390625 0.8889156484375 0.4027343765625 0.89332119375 0.4007812484375 0.899195253125 0.3773437484375 0.899195253125
0 0.4326171859375 0.9633223671875 0.4645683640625 0.9734375 0.55474639375 0.9734375 0.568359375 0.9354205828125 0.5703125 0.9060502828124999 0.5634765640625 0.8810855249999999 0.421875 0.8884281015625 0.423828125 0.9442316703125 0.4326171859375 0.9633223671875
0 0.5914062515625 0.87808975625 0.5894531234375 0.8634046062499999 0.5728515625 0.8648731218749999 0.5738281234375 0.933893328125 0.6011718734375 0.933893328125 0.614281246875 0.94375 0.6571484375 0.94375 0.675 0.9195899921875 0.675 0.86393326875 0.6558593734375 0.8898378749999999 0.6304687515625 0.87808975625 0.6148437515625 0.8810267859375 0.6089843734375 0.89277490625 0.6050781234375 0.8810267859375 0.5914062515625 0.87808975625
0 0.78876953125 0.9237546999999999 0.7890625 0.9074542093750001 0.7890625 0.8694196421875 0.6999023453125 0.8694196421875 0.68330078125 0.879699246875 0.67939453125 0.9208176671875 0.6881835953125 0.9340343046875 0.77509765625 0.9355028203125 0.78876953125 0.9237546999999999
0 0.796875 0.870764803125 0.7939453140625 0.9221628281250001 0.8272773640625 0.925 0.8760619421875001 0.925 0.884765625 0.9148202515625 0.8857421859375 0.857548165625 0.8623046859375 0.8692962859375 0.8251953140625 0.8692962859375 0.8173828140625 0.8604851968749999 0.796875 0.870764803125
0 0.946949225 0.9171875 0.97451171875 0.9094161171874999 0.9765625 0.9017064156249999 0.9765625 0.8830122156250001 0.9735351578125 0.863892153125 0.9208007796875 0.8521440328125 0.89248046875 0.859486609375 0.8915039078125 0.9138216640625 0.931046853125 0.9171875 0.946949225 0.9171875
3 0.885425 0.3424757203125 0.885425 0.521875 0.975 0.521875 0.975 0.3424757203125 0.885425 0.3424757203125
3 0.7880645828125 0.26595394843750003 0.7880645828125 0.465625 0.8796875 0.465625 0.8796875 0.26595394843750003 0.7880645828125 0.26595394843750003
3 0.6762062484375 0.328958725 0.6762062484375 0.4828125 0.7859375 0.4828125 0.7859375 0.328958725 0.6762062484375 0.328958725
3 0.5581166671875 0.10071859218749998 0.5581166671875 0.2984375 0.6859375 0.2984375 0.6859375 0.10071859218749998 0.5581166671875 0.10071859218749998
3 0.4265833328125 0.10062265156250001 0.4265833328125 0.296875 0.553125 0.296875 0.553125 0.10062265156250001 0.4265833328125 0.10062265156250001
3 0.316145834375 0.1852091171875 0.316145834375 0.359375 0.415625 0.359375 0.415625 0.1852091171875 0.316145834375 0.1852091171875
3 0.22238125000000003 0.42446311249999996 0.3078125 0.42446311249999996 0.3078125 0.25235784843750003 0.22238125000000003 0.25235784843750003 0.22238125000000003 0.42446311249999996
3 0.2171875 0.262297540625 0.128125 0.262297540625 0.128125 0.434375 0.2171875 0.434375 0.2171875 0.262297540625
3 0.1171875 0.333806784375 0.0546875 0.333806784375 0.0546875 0.496875 0.1171875 0.496875 0.1171875 0.333806784375