0 0.045898435937499996 0.8987312031249999 0.115234375 0.8972626859374999 0.11035156406249999 0.8399906015624999 0.03515625 0.8443961453125001 0.03515625 0.8737664468749999 0.045898435937499996 0.8987312031249999
0 0.1171875 0.8913886265625001 0.1259765640625 0.9075422937500001 0.19921875 0.9119478390625 0.20703125 0.9060737796874999 0.2060546859375 0.8488016921874999 0.1171875 0.847333178125 0.1171875 0.8913886265625001
0 0.2109375 0.8502702062499999 0.208984375 0.903136746875 0.2138671859375 0.9192904140625 0.279296875 0.9266329875 0.294921875 0.9148848671875 0.2900390640625 0.8458646609375 0.2255859359375 0.84292763125 0.2109375 0.8502702062499999
0 0.3818359359375 0.8605498125000001 0.349609375 0.87082941875 0.38671875 0.8913886265625001 0.3818359359375 0.8605498125000001
0 0.390625 0.8884515984375 0.4033203140625 0.8928571421875 0.4013671859375 0.8987312031249999 0.3779296859375 0.8987312031249999 0.3740234359375 0.8899201124999999 0.3486328140625 0.8840460531250001 0.3447265640625 0.8722979328125 0.3330078140625 0.881109021875 0.3056640640625 0.8693609015625 0.294921875 0.8737664468749999 0.298828125 0.9178219000000001 0.3115234359375 0.9427866546875 0.41015625 0.9471921999999999 0.41796875 0.9354440796875 0.4150390640625 0.8722979328125 0.4072265640625 0.8869830828125 0.390625 0.8884515984375
0 0.421875 0.8884515984375 0.423828125 0.9442551671875 0.4326171859375 0.9633458640624999 0.4697265640625 0.9750939843750001 0.5546875 0.9736254687500001 0.568359375 0.9354440796875 0.5703125 0.9060737796874999 0.5634765640625 0.881109021875 0.421875 0.8884515984375
0 0.6298828140625 0.8781719921875 0.6142578140625 0.881109021875 0.6083984359375 0.8928571421875 0.6044921859375 0.881109021875 0.5908203140625 0.8781719921875 0.5888671859375 0.8634868421874999 0.572265625 0.8649553578125 0.5732421859375 0.9339755640625 0.6005859359375 0.9339755640625 0.6162109359375 0.945723684375 0.65625 0.9442551671875 0.67578125 0.9178219000000001 0.6748046859375 0.8634868421874999 0.6552734359375 0.8899201124999999 0.6298828140625 0.8781719921875
0 0.68359375 0.87964050625 0.6796875 0.9207589265625 0.6884765640625 0.9339755640625 0.775390625 0.9354440796875 0.7890625 0.923695959375 0.7900390640625 0.8693609015625 0.7001953140625 0.8693609015625 0.68359375 0.87964050625
0 0.8623046859375 0.8693609015625 0.8251953140625 0.8693609015625 0.8173828140625 0.8605498125000001 0.796875 0.87082941875 0.7939453140625 0.92222744375 0.845703125 0.9266329875 0.8759765640625 0.9251644734375001 0.884765625 0.9148848671875 0.8857421859375 0.85761278125 0.8623046859375 0.8693609015625
0 0.9208984359375 0.8517387218750001 0.892578125 0.8590812984375 0.8916015640625 0.9134163531249999 0.943359375 0.9178219000000001 0.974609375 0.9090108062500001 0.978515625 0.894325659375 0.9736328140625 0.8634868421874999 0.9208984359375 0.8517387218750001
3 0.976675 0.342531328125 0.8855583328125001 0.342531328125 0.8855583328125001 0.5229824562500001 0.976675 0.5229824562500001 0.976675 0.342531328125
3 0.8799916671875 0.2656641609375 0.787775 0.2656641609375 0.787775 0.4661654140625 0.8799916671875 0.4661654140625 0.8799916671875 0.2656641609375
3 0.786675 0.32914787031250003 0.6755583328125 0.32914787031250003 0.6755583328125 0.48453634062499995 0.786675 0.48453634062499995 0.786675 0.32914787031250003
3 0.6866583328125 0.10026315781249999 0.557775 0.10026315781249999 0.557775 0.2990852125 0.6866583328125 0.2990852125 0.6866583328125 0.10026315781249999
3 0.5544416671875 0.10023809531250001 0.4266583328125 0.10023809531250001 0.4266583328125 0.297406015625 0.5544416671875 0.297406015625 0.5544416671875 0.10023809531250001
3 0.4166666671875 0.185463659375 0.3166666671875 0.185463659375 0.3166666671875 0.36090225625 0.4166666671875 0.36090225625 0.4166666671875 0.185463659375
3 0.307775 0.2522932328125 0.22222499999999998 0.2522932328125 0.22222499999999998 0.42439849687500003 0.307775 0.42439849687500003 0.307775 0.2522932328125
3 0.2177833328125 0.2623182953125 0.1277833328125 0.2623182953125 0.1277833328125 0.43607769375 0.2177833328125 0.43607769375 0.2177833328125 0.2623182953125
3 0.1177833328125 0.3341729328125 0.05445 0.3341729328125 0.05445 0.49790726875 0.1177833328125 0.49790726875 0.1177833328125 0.3341729328125