0 0.1788972359375 0.159375 0.1791928578125 0.159375 0.2130057875 0.05107421718750001 0.1606030765625 0.05302734375 0.1333099953125 0.07158203125 0.125 0.128571528125 0.125 0.1395230515625 0.1788972359375 0.159375
0 0.123210403125 0.1539062484375 0.0740828609375 0.1822265609375 0.0625 0.284895065625 0.0625 0.29062842187500004 0.078449753125 0.3638671875 0.134908384375 0.3953125 0.13649234999999998 0.3953125 0.1483200359375 0.3443359359375 0.098100771875 0.3306640625 0.087183540625 0.2857421875 0.098100771875 0.2095703109375 0.1461365921875 0.1978515609375 0.123210403125 0.1539062484375
0 0.1339774640625 0.405859375 0.09467543125 0.405859375 0.0673823515625 0.4322265625 0.0578125 0.543511409375 0.0578125 0.5477525625 0.0695657984375 0.6060546875 0.1301345953125 0.6203125 0.13189024062500002 0.6203125 0.145986421875 0.5630859375 0.11650989375000001 0.5425781265625 0.095767153125 0.5611328140625 0.0914002609375 0.4751953125 0.14380297343749998 0.4654296875 0.1339774640625 0.405859375
0 0.05 0.8204647749999999 0.06879468125 0.85595703125 0.1263670265625 0.871875 0.1289012140625 0.871875 0.1463070296875 0.6791992171875 0.12338084062500002 0.6450195296875 0.07971191562499999 0.65087890625 0.056785728125000004 0.68115234375 0.05 0.8034181531250001 0.05 0.8204647749999999
0 0.1340262921875 0.8790039046875 0.1234375 0.905525034375 0.1234375 0.907464071875 0.1340262921875 0.94345703125 0.1962545140625 0.9463867203125 0.17005315625 0.9131835921875 0.172236603125 0.8858398421875 0.1951627921875 0.8790039046875 0.1340262921875 0.8790039046875
3 0.8164380343750001 0.073046875 0.8229883687499999 0.135546875 0.8044290765625 0.1619140640625 0.8630645328125001 0.203125 0.8682452656249999 0.203125 0.8983172703125 0.183398440625 0.9515625 0.1843704515625 0.9515625 0.17969374062500001 0.9485365343750001 0.1228515625 0.8983172703125 0.126757815625 0.8349973265624999 0.0701171875 0.7921875 0.058628984375000005 0.7921875 0.05889962343750001 0.8164380343750001 0.073046875
3 0.8111194562499999 0.23867187343750002 0.8427794265624999 0.2572265609375 0.8231284078125001 0.2689453125 0.8405959796875001 0.3080078109375 0.8122111765625 0.3158203125 0.8154239625 0.3359375 0.8487004234375 0.3359375 0.887540078125 0.303125 0.9497683 0.3001953125 0.9486765734375 0.23867187343750002 0.8897235218749999 0.240625 0.8416877062499999 0.20742187343750002 0.8111194562499999 0.23867187343750002
3 0.9646727593750001 0.3179687484375 0.8234375 0.3179687484375 0.8234375 0.44375 0.9646727593750001 0.44375 0.9646727593750001 0.3179687484375
3 0.9615860843749999 0.584375 0.9615860843749999 0.43125 0.8125 0.43125 0.8125 0.584375 0.9615860843749999 0.584375
3 0.954428065625 0.5557173 0.8484375 0.5557173 0.8484375 0.6921875 0.954428065625 0.6921875 0.954428065625 0.5557173
3 0.9545666265625 0.6674545078125 0.7890625 0.6674545078125 0.7890625 0.8640625 0.9545666265625 0.8640625 0.9545666265625 0.6674545078125
3 0.9650206375 0.8194699375000001 0.7890625 0.8194699375000001 0.7890625 0.934375 0.9650206375 0.934375 0.9650206375 0.8194699375000001