0 0.07128906406249999 0.8668281984374999 0.1386718734375 0.8766537078125 0.1591796875 0.820975825 0.0507812484375 0.78713240625 0.052734375 0.8395351171875 0.07128906406249999 0.8668281984374999
0 0.3310546875 0.9017633390625001 0.2861328140625 0.9126805703124999 0.2099609359375 0.9017633390625001 0.1982421859375 0.8537275187500001 0.1542968734375 0.8766537078125 0.1826171859375 0.92578125 0.2890624984375 0.937790203125 0.3642578140625 0.9214143578125 0.396484375 0.863553028125 0.3447265609375 0.851544075 0.3310546875 0.9017633390625001
0 0.5429687515625 0.883204046875 0.5615234390625 0.9039467875 0.4755859359375 0.9083136796875 0.4658203125 0.8559109671874999 0.40625 0.8657364765625 0.40625 0.905038509375 0.4326171859375 0.9323315890625 0.546875 0.9421570984375001 0.6064453125 0.9301481421875 0.6210937515625 0.8679199203125 0.5634765609375 0.8537275187500001 0.5429687515625 0.883204046875
0 0.6445312484375 0.8766537078125 0.650390625 0.9203226328125 0.6806640640625 0.9432488203125 0.818359375 0.9508908828125 0.8554687515625 0.9312398671875 0.8720703125 0.8711950890625 0.6787109359375 0.8537275187500001 0.6445312484375 0.8766537078125
0 0.8857421859375 0.827526165625 0.8789062484375 0.8045999765625 0.8789062484375 0.8657364765625 0.90625 0.8766537078125 0.943359375 0.8657364765625 0.9462890640625 0.8035082546875 0.9130859359375 0.8297096125 0.8857421859375 0.827526165625
3 0.2050781265625 0.13428194843750002 0.1835937515625 0.10153025468750002 0.1845703125 0.0480358203125 0.12304687343750001 0.051310990625 0.1269531265625 0.10153025468750002 0.07031249843750001 0.16485019843749998 0.0585937515625 0.208519128125 0.07324218593750001 0.183409490625 0.1357421859375 0.17685915624999998 0.162109375 0.1954184484375 0.2050781265625 0.13428194843750002
3 0.3154296875 0.1877763875 0.3359375015625 0.1845012171875 0.3359375015625 0.15174951875 0.302734375 0.11244748593750001 0.2998046875 0.050219264062500005 0.2382812484375 0.051310990625 0.240234375 0.11026404218750001 0.2070312484375 0.1582998578125 0.2382812484375 0.18886810781250002 0.2568359359375 0.1572081375 0.2685546875 0.17685915624999998 0.3076171859375 0.159391584375 0.3154296875 0.1877763875
3 0.44607595 0.035377357812499996 0.31797468281249996 0.035377357812499996 0.31797468281249996 0.17858490625 0.44607595 0.17858490625 0.44607595 0.035377357812499996
3 0.5847046406249999 0.03875 0.4309915609375 0.03875 0.4309915609375 0.18870282968750002 0.5847046406249999 0.18870282968750002 0.5847046406249999 0.03875
3 0.6932067515625 0.0454716984375 0.55607595 0.0454716984375 0.55607595 0.1516037734375 0.6932067515625 0.1516037734375 0.6932067515625 0.0454716984375
3 0.865 0.0454716984375 0.6675738390625 0.0454716984375 0.6675738390625 0.21226415156249998 0.865 0.21226415156249998 0.865 0.0454716984375
3 0.9358227843750001 0.035377357812499996 0.8197890296875 0.035377357812499996 0.8197890296875 0.21226415156249998 0.9358227843750001 0.21226415156249998 0.9358227843750001 0.035377357812499996