3 0.8451636359375 0.309644809375 0.68538181875 0.309644809375 0.68538181875 0.6110109296874999 0.8451636359375 0.6110109296874999 0.8451636359375 0.309644809375
3 0.52781818125 0.298060109375 0.3757454546875 0.298060109375 0.3757454546875 0.57625683125 0.52781818125 0.57625683125 0.52781818125 0.298060109375
3 0.684309090625 0.2284972671875 0.5432545453125 0.2284972671875 0.5432545453125 0.42887978125000004 0.684309090625 0.42887978125000004 0.684309090625 0.2284972671875
3 0.2358 0.2831693984375 0.0793272734375 0.2831693984375 0.0793272734375 0.5348633875 0.2358 0.5348633875 0.2358 0.2831693984375
3 0.38125454531249997 0.2798633875 0.2523454546875 0.2798633875 0.2523454546875 0.46035519062499997 0.38125454531249997 0.46035519062499997 0.38125454531249997 0.2798633875
3 0 0.4073770484375 0.06501818125 0.4073770484375 0.06501818125 0.2020218578125 0 0.2020218578125 0 0.4073770484375
3 0.2699636359375 0.1705737703125 0.18181818125 0.1705737703125 0.18181818125 0.286475409375 0.2699636359375 0.286475409375 0.2699636359375 0.1705737703125
3 0.3878545453125 0.13579235 0.3206545453125 0.13579235 0.3206545453125 0.26825136562499996 0.3878545453125 0.26825136562499996 0.3878545453125 0.13579235
3 0.47823636406250003 0.1705737703125 0.4022 0.1705737703125 0.4022 0.284836065625 0.47823636406250003 0.284836065625 0.47823636406250003 0.1705737703125
3 0.5377272734375 0.1390710375 0.4749272734375 0.1390710375 0.4749272734375 0.2467213109375 0.5377272734375 0.2467213109375 0.5377272734375 0.1390710375
3 0.9267272734375 0.1523224046875 0.8308727265625 0.1523224046875 0.8308727265625 0.3212295078125 0.9267272734375 0.3212295078125 0.9267272734375 0.1523224046875
3 0.8297272734375 0.192076503125 0.75921818125 0.192076503125 0.75921818125 0.2997267765625 0.8297272734375 0.2997267765625 0.8297272734375 0.192076503125
3 0.7559454546875 0.162267759375 0.6666727265625 0.162267759375 0.6666727265625 0.26494535468749997 0.7559454546875 0.26494535468749997 0.7559454546875 0.162267759375
3 0.60938181875 0.08612021875 0.5454545453125 0.08612021875 0.5454545453125 0.1821857921875 0.60938181875 0.1821857921875 0.60938181875 0.08612021875
3 0.7184363640625 0.10598360625 0.6666545453125 0.10598360625 0.6666545453125 0.16560109218750002 0.7184363640625 0.16560109218750002 0.7184363640625 0.10598360625
3 0.96418181875 0.21527322343750002 0.9267272734375 0.21527322343750002 0.9267272734375 0.327896175 0.96418181875 0.327896175 0.96418181875 0.21527322343750002
3 0.1542727265625 0.0778415296875 0.0925636359375 0.0778415296875 0.0925636359375 0.21527322343750002 0.1542727265625 0.21527322343750002 0.1542727265625 0.0778415296875
3 0.0925454546875 0.08112021875 0.061709090625 0.08112021875 0.061709090625 0.2185519125 0.0925454546875 0.2185519125 0.0925454546875 0.08112021875
3 0.061709090625 0.079508196875 0.0308727265625 0.079508196875 0.0308727265625 0.1887978140625 0.061709090625 0.1887978140625 0.061709090625 0.079508196875
3 0.0319636359375 0.06625683125000001 0.0011272734375 0.06625683125000001 0.0011272734375 0.1589890703125 0.0319636359375 0.1589890703125 0.0319636359375 0.06625683125000001
3 0.31183636406250004 0.056311475 0.2556545453125 0.056311475 0.2556545453125 0.1705737703125 0.31183636406250004 0.1705737703125 0.31183636406250004 0.056311475
3 0.2126545453125 0.067896175 0.167490909375 0.067896175 0.167490909375 0.1159289625 0.2126545453125 0.1159289625 0.2126545453125 0.067896175
3 0.23359999999999997 0.13412568281249998 0.176290909375 0.13412568281249998 0.176290909375 0.18215847031250001 0.23359999999999997 0.18215847031250001 0.23359999999999997 0.13412568281249998
3 1 0.17387978125 0.958690909375 0.17387978125 0.958690909375 0.27322404375 1 0.27322404375 1 0.17387978125
3 0.9652909093750001 0.029836065625 0.90358181875 0.029836065625 0.90358181875 0.1192349734375 0.9652909093750001 0.1192349734375 0.9652909093750001 0.029836065625
3 0.9201272734374999 0.0960655734375 0.8451818187500001 0.0960655734375 0.8451818187500001 0.16393442656249999 0.9201272734374999 0.16393442656249999 0.9201272734374999 0.0960655734375
3 0.7988909093750001 0.0629508203125 0.7294727265625001 0.0629508203125 0.7294727265625001 0.16393442656249999 0.7988909093750001 0.16393442656249999 0.7988909093750001 0.0629508203125
3 0.8374727265624999 0.0546174859375 0.7978 0.0546174859375 0.7978 0.13412568281249998 0.8374727265624999 0.13412568281249998 0.8374727265624999 0.0546174859375
3 0.69861818125 0.062896175 0.6391272734375 0.062896175 0.6391272734375 0.11590163906249999 0.69861818125 0.11590163906249999 0.69861818125 0.062896175
3 0.6556545453125 0.029808743749999998 0.6027454546875 0.029808743749999998 0.6027454546875 0.0778415296875 0.6556545453125 0.0778415296875 0.6556545453125 0.029808743749999998
3 0.6049636359375 0.0381147546875 0.5586727265625 0.0381147546875 0.5586727265625 0.0877868859375 0.6049636359375 0.0877868859375 0.6049636359375 0.0381147546875
3 0.5421636359375 0.041393442187500004 0.4804545453125 0.041393442187500004 0.4804545453125 0.12254098437500001 0.5421636359375 0.12254098437500001 0.5421636359375 0.041393442187500004
3 0.4474 0.081147540625 0.3934 0.081147540625 0.3934 0.1473770484375 0.4474 0.1473770484375 0.4474 0.081147540625
3 0.35592727343749997 0.06125683125 0.3118545453125 0.06125683125 0.3118545453125 0.11590163906249999 0.35592727343749997 0.11590163906249999 0.35592727343749997 0.06125683125
3 0.46390909062499996 0.023196721875 0.41652727343749996 0.023196721875 0.41652727343749996 0.0828142078125 0.46390909062499996 0.0828142078125 0.46390909062499996 0.023196721875
3 0.1564727265625 0.036420765625000004 0.10578181874999999 0.036420765625000004 0.10578181874999999 0.086092896875 0.1564727265625 0.086092896875 0.1564727265625 0.036420765625000004
3 0.24903636406250002 0.0314480875 0.2016545453125 0.0314480875 0.2016545453125 0.0827595625 0.24903636406250002 0.0827595625 0.24903636406250002 0.0314480875
3 0.39338181875 0.026502732812500002 0.3504 0.026502732812500002 0.3504 0.0894535515625 0.39338181875 0.0894535515625 0.39338181875 0.026502732812500002