3 0.31497045468749996 0.690183571875 0.31497045468749996 0.3890625 0.15625 0.3890625 0.15625 0.690183571875 0.31497045468749996 0.690183571875
3 0.624035228125 0.7022814203125 0.624035228125 0.425 0.47196250156249997 0.425 0.47196250156249997 0.7022814203125 0.624035228125 0.7022814203125
3 0.45702613750000004 0.770939209375 0.45702613750000004 0.571875 0.3171875 0.571875 0.3171875 0.770939209375 0.45702613750000004 0.770939209375
3 0.9209215890625 0.7164079578125 0.9209215890625 0.465625 0.765625 0.465625 0.765625 0.7164079578125 0.9209215890625 0.7164079578125
3 0.7480420453125001 0.7203398234375 0.7480420453125001 0.540625 0.6203125 0.540625 0.6203125 0.7203398234375 0.7480420453125001 0.7203398234375
3 1 0.5926109984375 0.9359375 0.5926109984375 0.9359375 0.7979661890624999 1 0.7979661890624999 1 0.5926109984375
3 0.8180721609375 0.8290266390625 0.8180721609375 0.7140625 0.72992670625 0.7140625 0.72992670625 0.8290266390625 0.8180721609375 0.8290266390625
3 0.6789971593749999 0.8645295421875 0.6789971593749999 0.7328125 0.6125 0.7328125 0.6125 0.8645295421875 0.6789971593749999 0.8645295421875
3 0.5974255671875001 0.8290650609375 0.5974255671875001 0.715625 0.521875 0.715625 0.521875 0.8290650609375 0.5974255671875001 0.8290650609375
3 0.5249954531250001 0.8610015375 0.5249954531250001 0.7546875 0.4625 0.7546875 0.4625 0.8610015375 0.5249954531250001 0.8610015375
3 0.1692335234375 0.6787132859375 0.075 0.6787132859375 0.075 0.8476203890624999 0.1692335234375 0.8476203890624999 0.1692335234375 0.6787132859375
3 0.2408403421875 0.8081156078125 0.2408403421875 0.7015625 0.171875 0.7015625 0.171875 0.8081156078125 0.2408403421875 0.8081156078125
3 0.3337369328125 0.838188184375 0.3337369328125 0.7359375 0.2453125 0.7359375 0.2453125 0.838188184375 0.3337369328125 0.838188184375
3 0.454471021875 0.9141017765624999 0.454471021875 0.81875 0.390625 0.81875 0.390625 0.9141017765624999 0.454471021875 0.9141017765624999
3 0.33376875 0.8941615437499999 0.33376875 0.8359375 0.2828125 0.8359375 0.2828125 0.8941615437499999 0.33376875 0.8941615437499999
3 0.07313068125 0.7850170765625 0.07313068125 0.6734375 0.0359375 0.6734375 0.0359375 0.7850170765625 0.07313068125 0.7850170765625
3 0.9074556828125001 0.92247609375 0.9074556828125001 0.7859375 0.846875 0.7859375 0.846875 0.92247609375 0.9074556828125001 0.92247609375
3 0.9377261375 0.9190437156250001 0.9377261375 0.7828125 0.9078125 0.7828125 0.9078125 0.9190437156250001 0.9377261375 0.9190437156250001
3 0.9390625 0.9207137968750001 0.96875 0.9207137968750001 0.96875 0.8125 0.9390625 0.8125 0.9390625 0.9207137968750001
3 0.9984375 0.840887978125 0.96875 0.840887978125 0.96875 0.9336202171875 0.9984375 0.9336202171875 0.9984375 0.840887978125
3 0.7449749999999999 0.9435271515625001 0.7449749999999999 0.8296875 0.6890625 0.8296875 0.6890625 0.9435271515625001 0.7449749999999999 0.9435271515625001
3 0.8322801140625 0.9315975062499999 0.8322801140625 0.884375 0.7875 0.884375 0.7875 0.9315975062499999 0.8322801140625 0.9315975062499999
3 0.8242323859375 0.8663259906249999 0.8242323859375 0.81875 0.7671875 0.81875 0.7671875 0.8663259906249999 0.8242323859375 0.8663259906249999
3 0.0416511359375 0.7266615437499999 0.0015625 0.7266615437499999 0.0015625 0.8260058062500001 0.0416511359375 0.8260058062500001 0.0416511359375 0.7266615437499999
3 0.0963568171875 0.9698471640624999 0.0963568171875 0.88125 0.034647726562499995 0.88125 0.034647726562499995 0.9698471640624999 0.0963568171875 0.9698471640624999
3 0.15497613593749998 0.9036219265625001 0.15497613593749998 0.8359375 0.08125 0.8359375 0.08125 0.9036219265625001 0.15497613593749998 0.9036219265625001
3 0.2015625 0.93688780625 0.2703125 0.93688780625 0.2703125 0.8359375 0.2015625 0.8359375 0.2015625 0.93688780625
3 0.20253238750000002 0.9455421796874999 0.20253238750000002 0.8671875 0.1640625 0.8671875 0.1640625 0.9455421796874999 0.20253238750000002 0.9455421796874999
3 0.3607499984375 0.93676741875 0.3607499984375 0.884375 0.3015625 0.884375 0.3015625 0.93676741875 0.3607499984375 0.93676741875
3 0.3977420453125 0.9702723703125 0.3977420453125 0.9234375 0.3453125 0.9234375 0.3453125 0.9702723703125 0.3977420453125 0.9702723703125
3 0.44154034218750005 0.961434425 0.44154034218750005 0.9125 0.396875 0.9125 0.396875 0.961434425 0.44154034218750005 0.961434425
3 0.5191738640625 0.95788934375 0.5191738640625 0.878125 0.4578125 0.878125 0.4578125 0.95788934375 0.5191738640625 0.95788934375
3 0.553125 0.9186526640625001 0.60625 0.9186526640625001 0.60625 0.853125 0.553125 0.853125 0.553125 0.9186526640625001
3 0.6886295453125 0.938445184375 0.6886295453125 0.884375 0.6453125 0.884375 0.6453125 0.938445184375 0.6886295453125 0.938445184375
3 0.5838795453125 0.9769228140624999 0.5838795453125 0.91875 0.5375 0.91875 0.5375 0.9769228140624999 0.5838795453125 0.9769228140624999
3 0.8943409093750001 0.9632599031250001 0.8943409093750001 0.9140625 0.8453125 0.9140625 0.8453125 0.9632599031250001 0.8943409093750001 0.9632599031250001
3 0.798 0.9684793375 0.798 0.9171875 0.7515625 0.9171875 0.7515625 0.9684793375 0.798 0.9684793375
3 0.649584090625 0.9733316249999999 0.649584090625 0.9109375 0.606602271875 0.9109375 0.606602271875 0.9733316249999999 0.649584090625 0.9733316249999999