0 0.159375 0.8211027640624999 0.159375 0.8208071421875 0.05107421718750001 0.7869942125 0.05302734375 0.8393969234374999 0.07158203125 0.8666900046875 0.128571528125 0.875 0.1395230515625 0.875 0.159375 0.8211027640624999
0 0.1539062484375 0.876789596875 0.1822265609375 0.9259171390625 0.284895065625 0.9375 0.29062842187500004 0.9375 0.3638671875 0.921550246875 0.3953125 0.865091615625 0.3953125 0.8635076500000001 0.3443359359375 0.8516799640625001 0.3306640625 0.901899228125 0.2857421875 0.912816459375 0.2095703109375 0.901899228125 0.1978515609375 0.8538634078125 0.1539062484375 0.876789596875
0 0.405859375 0.8660225359375 0.405859375 0.90532456875 0.4322265625 0.9326176484375001 0.543511409375 0.9421875 0.5477525625 0.9421875 0.6060546875 0.9304342015625 0.6203125 0.8698654046875 0.6203125 0.868109759375 0.5630859375 0.8540135781249999 0.5425781265625 0.88349010625 0.5611328140625 0.904232846875 0.4751953125 0.9085997390625 0.4654296875 0.8561970265625 0.405859375 0.8660225359375
0 0.8204647749999999 0.95 0.85595703125 0.93120531875 0.871875 0.8736329734374999 0.871875 0.8710987859375001 0.6791992171875 0.8536929703125 0.6450195296875 0.8766191593749999 0.65087890625 0.920288084375 0.68115234375 0.9432142718750001 0.8034181531250001 0.95 0.8204647749999999 0.95
0 0.8790039046875 0.8659737078124999 0.905525034375 0.8765625 0.907464071875 0.8765625 0.94345703125 0.8659737078124999 0.9463867203125 0.8037454859375 0.9131835921875 0.8299468437499999 0.8858398421875 0.8277633968749999 0.8790039046875 0.8048372078125 0.8790039046875 0.8659737078124999
3 0.073046875 0.183561965625 0.135546875 0.17701163125 0.1619140640625 0.1955709234375 0.203125 0.1369354671875 0.203125 0.13175473437500002 0.183398440625 0.1016827296875 0.1843704515625 0.0484375 0.17969374062500001 0.0484375 0.1228515625 0.051463465625 0.126757815625 0.1016827296875 0.0701171875 0.1650026734375 0.058628984375000005 0.2078125 0.05889962343750001 0.2078125 0.073046875 0.183561965625
3 0.23867187343750002 0.18888054375000002 0.2572265609375 0.1572205734375 0.2689453125 0.17687159218749998 0.3080078109375 0.1594040203125 0.3158203125 0.1877888234375 0.3359375 0.1845760375 0.3359375 0.15129957656249998 0.303125 0.11245992187500001 0.3001953125 0.050231700000000004 0.23867187343750002 0.051323426562499996 0.240625 0.11027647812500001 0.20742187343750002 0.15831229375 0.23867187343750002 0.18888054375000002
3 0.3179687484375 0.035327240625 0.3179687484375 0.1765625 0.44375 0.1765625 0.44375 0.035327240625 0.3179687484375 0.035327240625
3 0.584375 0.038413915625 0.43125 0.038413915625 0.43125 0.1875 0.584375 0.1875 0.584375 0.038413915625
3 0.5557173 0.045571934375 0.5557173 0.1515625 0.6921875 0.1515625 0.6921875 0.045571934375 0.5557173 0.045571934375
3 0.6674545078125 0.0454333734375 0.6674545078125 0.2109375 0.8640625 0.2109375 0.8640625 0.0454333734375 0.6674545078125 0.0454333734375
3 0.8194699375000001 0.0349793625 0.8194699375000001 0.2109375 0.934375 0.2109375 0.934375 0.0349793625 0.8194699375000001 0.0349793625