3 0.15390625 0.3109375 0.0921875 0.0875
3 0.23984375 0.28046875 0.0921875 0.1015625
3 0.4015625 0.209375 0.084375 0.1125
3 0.55 0.2109375 0.090625 0.075
3 0.64765625 0.21640625 0.0859375 0.0734375
3 0.74609375 0.24609375 0.0703125 0.115625
3 0.8265625 0.29296875 0.075 0.1109375
0 0.1578125 0.86640625 0.165625 0.0703125
0 0.28203125 0.8359375 0.1078125 0.096875
0 0.3875 0.84453125 0.165625 0.1046875
0 0.55625 0.8484375 0.16875 0.103125
0 0.67890625 0.83984375 0.0859375 0.1046875
0 0.83046875 0.84921875 0.18125 0.0953125
0 0.74609375 0.8109375 0.1625 0.1