3 0.3109375 0.84609375 0.0875 0.0921875
3 0.28046875 0.76015625 0.1015625 0.0921875
3 0.209375 0.5984375 0.1125 0.084375
3 0.2109375 0.45 0.075 0.090625
3 0.21640625 0.35234375 0.0734375 0.0859375
3 0.24609375 0.25390625 0.115625 0.0703125
3 0.29296875 0.1734375 0.1109375 0.075
0 0.86640625 0.8421875 0.0703125 0.165625
0 0.8359375 0.71796875 0.096875 0.1078125
0 0.84453125 0.6125 0.1046875 0.165625
0 0.8484375 0.44375 0.103125 0.16875
0 0.83984375 0.32109375 0.1046875 0.0859375
0 0.84921875 0.16953125 0.0953125 0.18125
0 0.8109375 0.25390625 0.1 0.1625