1 0.70390625 0.0546875 0.1828125 0.1
1 0.36640625 0.21015625 0.1109375 0.078125
1 0.4609375 0.1640625 0.06953125 0.075
1 0.5109375 0.128125 0.06796875 0.0875
1 0.540625 0.07890625 0.06015625 0.06328125
1 0.40078125 0.10078125 0.078125 0.05078125
1 0.33125 0.1265625 0.07265625 0.07265625
1 0.28515625 0.075 0.05703125 0.06015625
1 0.346875 0.059375 0.04453125 0.07265625
1 0.43828125 0.06796875 0.0765625 0.05546875
1 0.12734375 0.15234375 0.0921875 0.07109375
1 0.2421875 0.1859375 0.078125 0.07109375
0 0.7125 0.92421875 0.3015625 0.14296875