1 0.0546875 0.29609375 0.1 0.1828125
1 0.21015625 0.63359375 0.078125 0.1109375
1 0.1640625 0.5390625 0.075 0.06875
1 0.128125 0.4890625 0.0875 0.06875
1 0.07890625 0.459375 0.0640625 0.059375
1 0.10078125 0.59921875 0.0515625 0.078125
1 0.1265625 0.66875 0.071875 0.071875
1 0.075 0.71484375 0.059375 0.0578125
1 0.059375 0.653125 0.071875 0.04375
1 0.06796875 0.56171875 0.0546875 0.0765625
1 0.15234375 0.87265625 0.0703125 0.0921875
1 0.1859375 0.7578125 0.071875 0.078125
0 0.92421875 0.2875 0.1421875 0.3