1 0.29609375 0.9453125 0.1828125 0.1
1 0.63359375 0.78984375 0.1109375 0.078125
1 0.5390625 0.8359375 0.06875 0.075
1 0.4890625 0.871875 0.06875 0.0875
1 0.459375 0.92109375 0.059375 0.0640625
1 0.59921875 0.89921875 0.078125 0.0515625
1 0.66875 0.8734375 0.071875 0.071875
1 0.71484375 0.925 0.0578125 0.059375
1 0.653125 0.940625 0.04375 0.071875
1 0.56171875 0.93203125 0.0765625 0.0546875
1 0.87265625 0.84765625 0.0921875 0.0703125
1 0.7578125 0.8140625 0.078125 0.071875
0 0.2875 0.07578125 0.3015625 0.1421875