1 0.384375 0.90703125 0.08125 0.0703125
1 0.32109375 0.828125 0.09375 0.08125
1 0.303125 0.72734375 0.10625 0.0703125
1 0.23671875 0.62421875 0.0875 0.075
1 0.14765625 0.51015625 0.1359375 0.1171875
1 0.1625 0.38203125 0.13125 0.0890625
1 0.35859375 0.2671875 0.084375 0.05625
1 0.33046875 0.175 0.140625 0.071875
1 0.39921875 0.07421875 0.115625 0.078125
0 0.87734375 0.93046875 0.078125 0.1015625
0 0.871875 0.840625 0.1125 0.09375
0 0.88203125 0.75078125 0.115625 0.0796875
0 0.89296875 0.64296875 0.134375 0.1265625
0 0.91875 0.50625 0.13125 0.165625
0 0.88828125 0.38046875 0.128125 0.1078125
0 0.89609375 0.26640625 0.096875 0.1140625
0 0.88203125 0.1640625 0.096875 0.1
0 0.89609375 0.06640625 0.05625 0.0921875