1 0.90703125 0.615625 0.0703125 0.08125
1 0.828125 0.67890625 0.08125 0.09375
1 0.72734375 0.696875 0.0703125 0.10625
1 0.62421875 0.76328125 0.075 0.0875
1 0.51015625 0.85234375 0.1171875 0.1359375
1 0.38203125 0.8375 0.0890625 0.13125
1 0.2671875 0.64140625 0.05625 0.084375
1 0.175 0.66953125 0.071875 0.140625
1 0.07421875 0.60078125 0.078125 0.115625
0 0.93046875 0.12265625 0.1015625 0.078125
0 0.840625 0.128125 0.09375 0.1140625
0 0.75078125 0.11796875 0.0796875 0.115625
0 0.64296875 0.10703125 0.1265625 0.134375
0 0.50625 0.08125 0.165625 0.13125
0 0.38046875 0.11171875 0.1078125 0.128125
0 0.26640625 0.10390625 0.1140625 0.096875
0 0.1640625 0.11796875 0.1 0.096875
0 0.06640625 0.10390625 0.0921875 0.05625