1 0.09296875 0.384375 0.06953125 0.0828125
1 0.171875 0.32109375 0.08125 0.09375
1 0.27265625 0.303125 0.06953125 0.1046875
1 0.37578125 0.23671875 0.075 0.0875
1 0.48984375 0.14765625 0.11640625 0.1359375
1 0.61796875 0.1625 0.08828125 0.1296875
1 0.7328125 0.35859375 0.05703125 0.084375
1 0.825 0.33046875 0.07265625 0.140625
1 0.92578125 0.39921875 0.078125 0.115625
0 0.06953125 0.87734375 0.10234375 0.078125
0 0.159375 0.871875 0.09375 0.1140625
0 0.24921875 0.88203125 0.08046875 0.115625
0 0.35703125 0.89296875 0.12578125 0.134375
0 0.49375 0.91875 0.16640625 0.1328125
0 0.61953125 0.88828125 0.10859375 0.128125
0 0.73359375 0.89609375 0.11484375 0.096875
0 0.8359375 0.88203125 0.10078125 0.096875
0 0.93359375 0.89609375 0.09140625 0.05625