1 0.08359375 0.84921875 0.0484375 0.08125
1 0.0828125 0.7359375 0.05625 0.078125
1 0.08046875 0.61953125 0.084375 0.0875
1 0.08984375 0.48125 0.0875 0.078125
1 0.08203125 0.3875 0.0734375 0.08125
1 0.08984375 0.24375 0.08125 0.084375
1 0.08359375 0.16015625 0.0671875 0.0765625
0 0.82734375 0.878125 0.0859375 0.175
0 0.9 0.73671875 0.1 0.2328125
0 0.8359375 0.6125 0.103125 0.103125
0 0.90234375 0.4890625 0.1 0.221875
0 0.840625 0.39609375 0.065625 0.0890625
0 0.91171875 0.25390625 0.09375 0.2328125
0 0.84609375 0.15625 0.0859375 0.21875