1 0.15078125 0.08359375 0.08125 0.0484375
1 0.2640625 0.0828125 0.078125 0.05625
1 0.38046875 0.08046875 0.0875 0.084375
1 0.51875 0.08984375 0.078125 0.0875
1 0.6125 0.08203125 0.08125 0.0734375
1 0.75625 0.08984375 0.084375 0.08125
1 0.83984375 0.08359375 0.0765625 0.0671875
0 0.121875 0.82734375 0.175 0.0859375
0 0.26328125 0.9 0.2328125 0.1
0 0.3875 0.8359375 0.103125 0.103125
0 0.5109375 0.90234375 0.221875 0.1
0 0.60390625 0.840625 0.0890625 0.065625
0 0.74609375 0.91171875 0.2328125 0.09375
0 0.84375 0.84609375 0.21875 0.0859375