1 0.15078125 0.08359375 0.08125 0.04921875
1 0.2640625 0.0828125 0.07734375 0.05703125
1 0.38046875 0.08046875 0.0875 0.084375
1 0.51875 0.08984375 0.07734375 0.0875
1 0.6125 0.08203125 0.08125 0.07421875
1 0.75625 0.08984375 0.084375 0.08125
1 0.83984375 0.08359375 0.07734375 0.06796875
0 0.121875 0.82734375 0.17578125 0.0859375
0 0.26328125 0.9 0.2328125 0.1015625
0 0.3875 0.8359375 0.10390625 0.103125
0 0.5109375 0.90234375 0.22109375 0.1
0 0.60390625 0.840625 0.08828125 0.06484375
0 0.74609375 0.91171875 0.2328125 0.09375
0 0.84375 0.84609375 0.21875 0.0859375