3 0.2890625 0.55625 0.10625 0.146875
3 0.340625 0.30078125 0.0875 0.1328125
3 0.5515625 0.52890625 0.065625 0.1546875
3 0.78046875 0.353125 0.0625 0.115625
3 0.94296875 0.25390625 0.0703125 0.1078125
3 0.7484375 0.1078125 0.075 0.065625
3 0.5375 0.23046875 0.084375 0.1140625
3 0.5515625 0.04921875 0.065625 0.0984375
3 0.315625 0.046875 0.075 0.075
3 0.85 0.03828125 0.065625 0.0765625
0 0.35390625 0.93828125 0.1484375 0.1234375
0 0.51328125 0.91640625 0.1265625 0.1234375
0 0.67109375 0.753125 0.0984375 0.115625
0 0.80390625 0.665625 0.0578125 0.140625
0 0.6296875 0.50859375 0.053125 0.1171875