3 0.2890625 0.55625 0.10703125 0.14609375
3 0.340625 0.30078125 0.08828125 0.13359375
3 0.5515625 0.52890625 0.0671875 0.15390625
3 0.78046875 0.353125 0.0625 0.11640625
3 0.94296875 0.25390625 0.06953125 0.10703125
3 0.7484375 0.1078125 0.07421875 0.0671875
3 0.5375 0.23046875 0.084375 0.11328125
3 0.5515625 0.04921875 0.0671875 0.0984375
3 0.315625 0.046875 0.0765625 0.075
3 0.85 0.03828125 0.06484375 0.0765625
0 0.35390625 0.93828125 0.14765625 0.12265625
0 0.51328125 0.91640625 0.12734375 0.12265625
0 0.67109375 0.753125 0.09765625 0.11640625
0 0.80390625 0.665625 0.05859375 0.13984375
0 0.6296875 0.50859375 0.0515625 0.11640625