3 0.046875 0.67421875 0.09375 0.0828125
3 0.10234375 0.5515625 0.0921875 0.078125
3 0.1390625 0.43046875 0.071875 0.0640625
3 0.1578125 0.359375 0.096875 0.05625
3 0.21015625 0.2984375 0.1421875 0.06875
3 0.20703125 0.19140625 0.1046875 0.0765625
3 0.21796875 0.08671875 0.08125 0.053125
3 0.30703125 0.02734375 0.1015625 0.0546875
3 0.1640625 0.25703125 0.084375 0.046875
3 0.115625 0.32578125 0.096875 0.0546875
3 0.06484375 0.4765625 0.0796875 0.071875
3 0.02890625 0.83828125 0.0578125 0.090625
3 0.04140625 0.590625 0.0828125 0.071875