3 0.32578125 0.046875 0.0828125 0.09375
3 0.4484375 0.10234375 0.0796875 0.09140625
3 0.56953125 0.1390625 0.06484375 0.0734375
3 0.640625 0.1578125 0.0546875 0.09609375
3 0.7015625 0.21015625 0.06953125 0.14140625
3 0.80859375 0.20703125 0.07734375 0.10390625
3 0.91328125 0.21796875 0.053125 0.08125
3 0.97265625 0.30703125 0.05390625 0.10234375
3 0.74296875 0.1640625 0.046875 0.08359375
3 0.67421875 0.115625 0.0546875 0.09609375
3 0.5234375 0.06484375 0.0703125 0.0796875
3 0.16171875 0.02890625 0.090625 0.05703125
3 0.409375 0.04140625 0.071875 0.0828125