1 0.12109375 0.23359375 0.08203125 0.0984375
1 0.26796875 0.165625 0.0828125 0.11875
1 0.415625 0.2015625 0.11328125 0.0984375
1 0.578125 0.11640625 0.1078125 0.153125
1 0.72890625 0.2 0.10703125 0.09453125
1 0.8828125 0.259375 0.1109375 0.09140625
0 0.11796875 0.87109375 0.159375 0.13359375
0 0.27421875 0.8875 0.1296875 0.08046875
0 0.42109375 0.878125 0.17265625 0.109375
0 0.57734375 0.8734375 0.16953125 0.115625
0 0.7359375 0.871875 0.153125 0.103125
0 0.89296875 0.87421875 0.1421875 0.1171875