3 0.04453125 0.09296875 0.03515625 0.13046875
3 0.10078125 0.19921875 0.03984375 0.115625
3 0.15234375 0.07265625 0.03125 0.09921875
3 0.3 0.09765625 0.0328125 0.10390625
3 0.353125 0.21171875 0.05078125 0.1234375
3 0.40078125 0.07578125 0.03671875 0.10234375
3 0.55234375 0.10703125 0.0375 0.09765625
3 0.60234375 0.1984375 0.0359375 0.10703125
3 0.653125 0.06171875 0.0359375 0.1234375
3 0.83046875 0.08515625 0.034375 0.1125
3 0.88359375 0.1828125 0.03359375 0.0828125
3 0.9328125 0.04765625 0.034375 0.0953125
3 0.04921875 0.78046875 0.05234375 0.1265625
3 0.1015625 0.92109375 0.07734375 0.0890625
3 0.15859375 0.7859375 0.0375 0.10859375
3 0.2984375 0.77578125 0.03828125 0.1171875
3 0.35234375 0.93203125 0.0765625 0.1171875
3 0.4125 0.8 0.0453125 0.1234375
3 0.54609375 0.765625 0.04140625 0.13046875
3 0.60078125 0.91875 0.0796875 0.10078125
3 0.66015625 0.790625 0.034375 0.13046875
3 0.83046875 0.7625 0.03671875 0.14609375
3 0.88515625 0.90703125 0.07265625 0.09765625
3 0.9453125 0.77578125 0.03359375 0.13984375