3 0.053125 0.1078125 0.10546875 0.20703125
3 0.20703125 0.225 0.1078125 0.19453125
3 0.03203125 0.4453125 0.0640625 0.275
3 0.19296875 0.6625 0.13125 0.30078125
3 0.38515625 0.4625 0.12578125 0.2703125
3 0.35390625 0.10625 0.12421875 0.20703125
3 0.5265625 0.23125 0.11875 0.21875
3 0.58828125 0.70390625 0.13984375 0.265625
3 0.728125 0.4125 0.12890625 0.21171875
3 0.83828125 0.2140625 0.10859375 0.20234375
3 0.94921875 0.65 0.1015625 0.25
3 0.64921875 0.0921875 0.11796875 0.18359375
3 0.94140625 0.0921875 0.1171875 0.184375