3 0.95546875 0.90703125 0.0359375 0.1296875
3 0.89921875 0.80078125 0.0390625 0.115625
3 0.84765625 0.92734375 0.03125 0.0984375
3 0.7 0.90234375 0.0328125 0.1046875
3 0.646875 0.78828125 0.05 0.1234375
3 0.59921875 0.92421875 0.0359375 0.1015625
3 0.44765625 0.89296875 0.0375 0.0984375
3 0.39765625 0.8015625 0.0359375 0.10625
3 0.346875 0.93828125 0.0375 0.1234375
3 0.16953125 0.91484375 0.034375 0.1125
3 0.11640625 0.8171875 0.0328125 0.0828125
3 0.0671875 0.95234375 0.034375 0.0953125
3 0.95078125 0.21953125 0.0515625 0.1265625
3 0.8984375 0.07890625 0.078125 0.0890625
3 0.84140625 0.2140625 0.0375 0.109375
3 0.7015625 0.22421875 0.0375 0.1171875
3 0.64765625 0.06796875 0.0765625 0.1171875
3 0.5875 0.2 0.04375 0.125
3 0.45390625 0.234375 0.0421875 0.13125
3 0.39921875 0.08125 0.0796875 0.1
3 0.33984375 0.209375 0.034375 0.13125
3 0.16953125 0.2375 0.0359375 0.146875
3 0.11484375 0.09296875 0.0734375 0.0984375
3 0.0546875 0.22421875 0.034375 0.1390625