1 0.80234375 0.6375 0.05625 0.09375
1 0.734375 0.63203125 0.05 0.0921875
1 0.66328125 0.65078125 0.0546875 0.0859375
1 0.6203125 0.51953125 0.059375 0.10625
1 0.55390625 0.6515625 0.059375 0.096875
1 0.49375 0.6203125 0.04375 0.075
1 0.4765625 0.76171875 0.053125 0.0765625
1 0.3984375 0.68671875 0.0625 0.1640625
1 0.3265625 0.6609375 0.053125 0.090625
1 0.2609375 0.78203125 0.059375 0.0890625
1 0.19609375 0.596875 0.0515625 0.08125
0 0.8015625 0.11875 0.0875 0.0875
0 0.6234375 0.096875 0.090625 0.059375
0 0.40390625 0.0796875 0.0984375 0.06875
0 0.1890625 0.10703125 0.0875 0.0765625
0 0.31796875 0.115625 0.0671875 0.10625
0 0.26171875 0.13828125 0.0453125 0.0859375
0 0.53984375 0.12890625 0.0640625 0.121875
0 0.48671875 0.1453125 0.0640625 0.140625
0 0.7390625 0.1265625 0.0609375 0.096875
0 0.6875 0.13671875 0.046875 0.109375