3 0.90703125 0.04453125 0.1296875 0.0359375
3 0.80078125 0.10078125 0.115625 0.0390625
3 0.92734375 0.15234375 0.0984375 0.03125
3 0.90234375 0.3 0.1046875 0.03125
3 0.78828125 0.353125 0.1234375 0.05
3 0.92421875 0.40078125 0.1015625 0.0359375
3 0.89296875 0.55234375 0.0984375 0.0375
3 0.8015625 0.60234375 0.10625 0.0359375
3 0.93828125 0.653125 0.1234375 0.0375
3 0.91484375 0.83046875 0.1125 0.034375
3 0.8171875 0.88359375 0.084375 0.0328125
3 0.95234375 0.9328125 0.0953125 0.034375
3 0.21953125 0.04921875 0.1265625 0.0515625
3 0.07890625 0.1015625 0.0890625 0.078125
3 0.2140625 0.15859375 0.109375 0.0375
3 0.22421875 0.2984375 0.1171875 0.0375
3 0.06796875 0.35234375 0.1171875 0.0765625
3 0.2 0.4125 0.125 0.04375
3 0.234375 0.54609375 0.13125 0.0421875
3 0.08125 0.60078125 0.1 0.0796875
3 0.209375 0.66015625 0.13125 0.034375
3 0.2375 0.83046875 0.146875 0.0359375
3 0.09296875 0.88515625 0.0984375 0.0734375
3 0.22421875 0.9453125 0.1390625 0.034375