1 0.83125 0.10859375 0.05 0.0625
1 0.8421875 0.25390625 0.04375 0.0453125
1 0.728125 0.37421875 0.0625 0.0484375
1 0.75 0.478125 0.0375 0.040625
1 0.84609375 0.57890625 0.0546875 0.0765625
1 0.83671875 0.709375 0.0578125 0.05
1 0.95546875 0.86796875 0.0625 0.05625
1 0.4359375 0.0875 0.04375 0.034375
1 0.36484375 0.2484375 0.06875 0.053125
1 0.3296875 0.41328125 0.0375 0.0421875
1 0.40390625 0.54375 0.0515625 0.05
1 0.4234375 0.68515625 0.04375 0.0515625
1 0.371875 0.80625 0.08125 0.071875
1 0.40546875 0.92265625 0.0484375 0.0484375
0 0.52265625 0.11796875 0.0546875 0.140625
0 0.53359375 0.24609375 0.0578125 0.0984375
0 0.52109375 0.375 0.0484375 0.09375
0 0.5328125 0.4765625 0.034375 0.078125
0 0.53046875 0.58046875 0.0609375 0.09375
0 0.5515625 0.7125 0.0875 0.09375
0 0.53203125 0.871875 0.0703125 0.175
0 0.05703125 0.92578125 0.0484375 0.096875
0 0.0609375 0.8109375 0.046875 0.0734375
0 0.06015625 0.6875 0.0703125 0.103125
0 0.07578125 0.55 0.0859375 0.109375
0 0.05546875 0.41328125 0.0375 0.0953125
0 0.05625 0.25078125 0.06875 0.1671875
0 0.06875 0.0890625 0.065625 0.121875