1 0.19765625 0.3625 0.05625 0.09296875
1 0.265625 0.36796875 0.05078125 0.09140625
1 0.33671875 0.34921875 0.05390625 0.08515625
1 0.3796875 0.48046875 0.05859375 0.10625
1 0.44609375 0.3484375 0.059375 0.0953125
1 0.50625 0.3796875 0.0421875 0.07421875
1 0.5234375 0.23828125 0.0515625 0.07578125
1 0.6015625 0.31328125 0.06171875 0.16328125
1 0.6734375 0.3390625 0.05234375 0.09140625
1 0.7390625 0.21796875 0.05859375 0.08984375
1 0.80390625 0.403125 0.0515625 0.08046875
0 0.1984375 0.88125 0.08828125 0.08671875
0 0.3765625 0.903125 0.08984375 0.05859375
0 0.59609375 0.9203125 0.09765625 0.06953125
0 0.8109375 0.89296875 0.08828125 0.07578125
0 0.68203125 0.884375 0.06640625 0.1078125
0 0.73828125 0.86171875 0.0453125 0.08515625
0 0.46015625 0.87109375 0.0640625 0.121875
0 0.51328125 0.8546875 0.06484375 0.1421875
0 0.2609375 0.8734375 0.0609375 0.0984375
0 0.3125 0.86328125 0.04609375 0.109375