1 0.4078125 0.09453125 0.08125 0.121875
1 0.59375 0.09609375 0.071875 0.1375
1 0.71015625 0.18515625 0.0453125 0.0890625
1 0.9609375 0.40625 0.034375 0.090625
1 0.96015625 0.5890625 0.0296875 0.078125
1 0.71328125 0.815625 0.0375 0.0875
1 0.7140625 0.97109375 0.040625 0.0578125
1 0.03515625 0.025 0.0390625 0.05
1 0.0328125 0.1828125 0.040625 0.096875
1 0.275 0.40234375 0.04375 0.1046875
1 0.27890625 0.5953125 0.0546875 0.096875
1 0.03828125 0.815625 0.0453125 0.09375
1 0.028125 0.9671875 0.04375 0.065625
0 0.265625 0.046875 0.075 0.09375
0 0.27109375 0.1875 0.0578125 0.15
0 0.034375 0.415625 0.04375 0.175
0 0.03671875 0.58984375 0.0484375 0.1390625
0 0.275 0.81015625 0.040625 0.1609375
0 0.2796875 0.95703125 0.028125 0.0859375
0 0.403125 0.9109375 0.153125 0.109375
0 0.59140625 0.8984375 0.1421875 0.128125
0 0.95390625 0.0421875 0.0390625 0.084375
0 0.94296875 0.175 0.0765625 0.14375
0 0.71171875 0.40078125 0.04375 0.1453125
0 0.71484375 0.5828125 0.0515625 0.146875
0 0.95234375 0.81171875 0.0453125 0.1578125
0 0.9609375 0.96015625 0.028125 0.0796875