1 0.09453125 0.5921875 0.121875 0.08125
1 0.09609375 0.40625 0.1375 0.071875
1 0.18515625 0.28984375 0.0890625 0.0453125
1 0.40625 0.0390625 0.090625 0.034375
1 0.5890625 0.03984375 0.078125 0.0296875
1 0.815625 0.28671875 0.0875 0.0375
1 0.97109375 0.2859375 0.0578125 0.040625
1 0.025 0.96484375 0.05 0.0390625
1 0.1828125 0.9671875 0.096875 0.0421875
1 0.40234375 0.725 0.1046875 0.04375
1 0.5953125 0.72109375 0.096875 0.0546875
1 0.815625 0.96171875 0.09375 0.0453125
1 0.9671875 0.971875 0.065625 0.04375
0 0.046875 0.734375 0.09375 0.075
0 0.1875 0.72890625 0.15 0.0578125
0 0.415625 0.965625 0.175 0.04375
0 0.58984375 0.96328125 0.1390625 0.0484375
0 0.81015625 0.725 0.1609375 0.040625
0 0.95703125 0.7203125 0.0859375 0.028125
0 0.9109375 0.596875 0.109375 0.153125
0 0.8984375 0.40859375 0.128125 0.1421875
0 0.0421875 0.04609375 0.084375 0.0390625
0 0.175 0.05703125 0.14375 0.0765625
0 0.40078125 0.28828125 0.1453125 0.04375
0 0.5828125 0.28515625 0.146875 0.0515625
0 0.81171875 0.04765625 0.1578125 0.0453125
0 0.96015625 0.0390625 0.0796875 0.028125