1 0.10859375 0.16875 0.0625 0.04921875
1 0.25390625 0.1578125 0.0453125 0.04453125
1 0.37421875 0.271875 0.04765625 0.0609375
1 0.478125 0.25 0.03984375 0.0359375
1 0.57890625 0.15390625 0.0765625 0.0546875
1 0.709375 0.16328125 0.05078125 0.0578125
1 0.86796875 0.04453125 0.05625 0.0625
1 0.0875 0.5640625 0.03515625 0.04453125
1 0.2484375 0.63515625 0.0515625 0.06875
1 0.41328125 0.6703125 0.0421875 0.0375
1 0.54375 0.59609375 0.05078125 0.05234375
1 0.68515625 0.5765625 0.05078125 0.04296875
1 0.80625 0.628125 0.071875 0.08046875
1 0.92265625 0.59453125 0.04921875 0.04921875
0 0.11796875 0.47734375 0.140625 0.05390625
0 0.24609375 0.46640625 0.09921875 0.0578125
0 0.375 0.47890625 0.0953125 0.04765625
0 0.4765625 0.4671875 0.07734375 0.0328125
0 0.58046875 0.46953125 0.09375 0.0609375
0 0.7125 0.4484375 0.0953125 0.0875
0 0.871875 0.46796875 0.17421875 0.0703125
0 0.92578125 0.94296875 0.096875 0.04921875
0 0.8109375 0.9390625 0.0734375 0.04765625
0 0.6875 0.93984375 0.10234375 0.0703125
0 0.55 0.92421875 0.10859375 0.0859375
0 0.41328125 0.94453125 0.0953125 0.0375
0 0.25078125 0.94375 0.16796875 0.06875
0 0.0890625 0.93125 0.121875 0.065625