3 0.28359375 0.2859375 0.11640625 0.26015625
3 0.43515625 0.26015625 0.17421875 0.2875
3 0.6390625 0.1984375 0.20078125 0.325
3 0.79921875 0.47421875 0.178125 0.2515625
3 0.45234375 0.54453125 0.1375 0.2234375
1 0.30390625 0.81640625 0.1796875 0.20546875
1 0.46171875 0.853125 0.17265625 0.18828125
1 0.66953125 0.6390625 0.215625 0.2453125
1 0.8828125 0.7765625 0.234375 0.34296875
1 0.8828125 0.79140625 0.16171875 0.2109375
1 0.575 0.728125 0.15 0.20234375
1 0.32734375 0.60234375 0.125 0.246875
1 0.1265625 0.67578125 0.1890625 0.1390625
1 0.10703125 0.85 0.20546875 0.13203125
1 0.07109375 0.775 0.13203125 0.1359375
1 0.17265625 0.50625 0.18828125 0.15546875
1 0.7375 0.790625 0.0734375 0.1046875