3 0.2859375 0.71640625 0.259375 0.1171875
3 0.26015625 0.56484375 0.2875 0.1734375
3 0.1984375 0.3609375 0.325 0.2
3 0.47421875 0.20078125 0.2515625 0.178125
3 0.54453125 0.54765625 0.2234375 0.1375
1 0.81640625 0.69609375 0.2046875 0.1796875
1 0.853125 0.53828125 0.1875 0.1734375
1 0.6390625 0.33046875 0.246875 0.215625
1 0.7765625 0.1171875 0.34375 0.234375
1 0.79140625 0.1171875 0.2109375 0.1625
1 0.728125 0.425 0.203125 0.15
1 0.60234375 0.67265625 0.246875 0.125
1 0.67578125 0.8734375 0.1390625 0.190625
1 0.85 0.89296875 0.13125 0.2046875
1 0.775 0.92890625 0.1375 0.1328125
1 0.50625 0.82734375 0.15625 0.1890625
1 0.790625 0.2625 0.10625 0.075