3 0.27421875 0.465625 0.1546875 0.20625
0 0.78828125 0.4796875 0.1484375 0.228125
1 0.7 0.7328125 0.0625 0.0875
1 0.87578125 0.884375 0.0640625 0.078125
1 0.75703125 0.84296875 0.0515625 0.0859375
1 0.684375 0.665625 0.053125 0.06875
1 0.6265625 0.67890625 0.034375 0.0828125
1 0.58359375 0.678125 0.04375 0.096875
1 0.86328125 0.8234375 0.0640625 0.059375
1 0.840625 0.1921875 0.065625 0.084375
1 0.83046875 0.12109375 0.071875 0.071875
1 0.7359375 0.13125 0.053125 0.084375
1 0.69765625 0.27109375 0.0609375 0.0890625
1 0.6734375 0.21484375 0.0625 0.0515625
1 0.640625 0.28828125 0.059375 0.0578125
1 0.61171875 0.228125 0.0390625 0.06875
1 0.5671875 0.228125 0.0375 0.084375