3 0.465625 0.72578125 0.20625 0.1546875
0 0.4796875 0.21171875 0.2296875 0.1484375
1 0.7328125 0.3 0.0875 0.0625
1 0.884375 0.12421875 0.078125 0.0640625
1 0.84296875 0.24296875 0.0859375 0.0515625
1 0.665625 0.315625 0.06875 0.053125
1 0.67890625 0.3734375 0.0828125 0.034375
1 0.678125 0.41640625 0.096875 0.04375
1 0.8234375 0.13671875 0.059375 0.0640625
1 0.1921875 0.159375 0.084375 0.065625
1 0.12109375 0.16953125 0.071875 0.071875
1 0.13125 0.2640625 0.084375 0.053125
1 0.27109375 0.30234375 0.0890625 0.0609375
1 0.21484375 0.3265625 0.0515625 0.0625
1 0.28828125 0.359375 0.0578125 0.059375
1 0.228125 0.38828125 0.06875 0.0390625
1 0.228125 0.4328125 0.084375 0.0375