3 0.534375 0.27421875 0.20546875 0.1546875
0 0.5203125 0.78828125 0.2296875 0.1484375
1 0.2671875 0.7 0.0875 0.06328125
1 0.115625 0.87578125 0.078125 0.06328125
1 0.15703125 0.75703125 0.0859375 0.05078125
1 0.334375 0.684375 0.06796875 0.05234375
1 0.32109375 0.6265625 0.0828125 0.0359375
1 0.321875 0.58359375 0.09609375 0.04375
1 0.1765625 0.86328125 0.05859375 0.06484375
1 0.8078125 0.840625 0.0828125 0.06484375
1 0.87890625 0.83046875 0.071875 0.071875
1 0.86875 0.7359375 0.084375 0.05390625
1 0.72890625 0.69765625 0.08984375 0.06171875
1 0.78515625 0.6734375 0.05234375 0.06328125
1 0.71171875 0.640625 0.05859375 0.05859375
1 0.771875 0.61171875 0.06875 0.0390625
1 0.771875 0.5671875 0.084375 0.0375